817, 929
119, 43
618, 761
303, 421
360, 485
808, 545
418, 153
271, 579
976, 864
281, 15
563, 125
634, 27
258, 998
656, 603
370, 732
340, 62
59, 553
984, 43
366, 112
212, 783
681, 96
798, 840
441, 624
737, 42
472, 419
738, 604
844, 4
426, 279
201, 886
469, 685
116, 660
569, 877
533, 486
403, 441
709, 115
168, 539
523, 673
397, 533
933, 985
260, 742
730, 342
299, 596
312, 978
208, 288
547, 102
912, 470
531, 261
981, 4
29, 969
710, 511
556, 795
733, 701
250, 386
618, 945
433, 790
893, 476
397, 650
465, 97
403, 111
344, 337
583, 61
353, 159
62, 337
538, 978
71, 559
424, 778
9, 189
341, 703
136, 918
363, 883
669, 89
386, 218
609, 66
96, 348
215, 164
891, 626
678, 220
157, 923
967, 670
168, 470
468, 899
983, 210
580, 322
760, 323
524, 883
663, 510
955, 3
827, 880
461, 213
120, 596
381, 217
316, 364
988, 461
434, 649
339, 343
751, 575
155, 228
749, 173
992, 781
168, 484
392, 26
33, 74
335, 369
772, 220
258, 610
88, 382
356, 742
252, 104
399, 339
406, 560
988, 670
822, 216
748, 259
282, 30
327, 706
393, 267
355, 609
189, 149
61, 84
202, 831
757, 682
760, 720
581, 242
784, 31
486, 893
299, 797
205, 691
684, 958
328, 661
521, 477
601, 279
111, 260
243, 935
769, 91
890, 599
481, 417
770, 760
12, 492
618, 723
715, 489
125, 735
299, 591
783, 861
441, 527
216, 49
386, 241
618, 867
791, 95
903, 291
51, 556
197, 359
50, 748
56, 670
595, 690
567, 288
563, 705
253, 491
902, 144
513, 728
160, 367
248, 760
846, 175
804, 881
491, 223
966, 661
21, 22
285, 55
744, 393
28, 155
844, 429
277, 416
309, 520
249, 574
441, 399
259, 345
150, 730
437, 165
18, 399
645, 539
699, 383
987, 337
458, 131
992, 979
524, 279
942, 154
790, 888
444, 574
707, 583
991, 955
1, 285
369, 952
310, 194
532, 530
429, 572
867, 594
371, 362
625, 237
457, 803
138, 822
732, 753
807, 597
142, 799
439, 704
623, 370
652, 62
621, 979
880, 22
468, 476
582, 625
712, 66
991, 482
730, 548
948, 38
555, 477
19, 243
644, 790
966, 643
157, 738
62, 652
678, 127
999, 155
663, 830
452, 748
181, 758
637, 597
884, 516
458, 564
614, 262
642, 733
657, 526
552, 329
938, 5
538, 732
641, 327
661, 69
25, 256
418, 307
945, 155
550, 556
568, 618
76, 257
952, 30
636, 714
618, 377
999, 118
740, 945
465, 936
612, 837
868, 509
151, 717
931, 504
543, 464
924, 584
134, 487
620, 713
415, 780
65, 948
296, 523
265, 210
724, 582
937, 905
573, 909
649, 894
891, 229
556, 949
213, 608
185, 670
927, 596
913, 945
203, 691
227, 729
349, 254
824, 484
190, 523
68, 220
331, 67
384, 196
507, 842
614, 871
87, 488
676, 430
44, 393
348, 341
180, 685
219, 161
801, 299
222, 819
938, 823
516, 355
938, 893
919, 481
334, 822
136, 965
636, 847
238, 692
227, 217
882, 564
342, 620
878, 946
771, 234
543, 308
2, 318
190, 183
461, 424
146, 85
602, 935
538, 526
729, 150
76, 268
333, 934
661, 19
39, 518
326, 815
727, 374
910, 509
410, 337
135, 471
449, 530
535, 242
703, 708
251, 243
760, 958
29, 940
575, 990
839, 855
172, 806
509, 520
414, 364
407, 222
63, 630
286, 52
396, 246
809, 300
560, 54
224, 637
198, 419
490, 945
221, 238
294, 846
627, 607
859, 645
295, 204
847, 713
274, 125
998, 633
839, 744
920, 703
768, 330
468, 738
823, 29
169, 256
759, 743
376, 223
249, 387
749, 76
101, 899
624, 140
559, 769
146, 543
165, 950
502, 166
312, 217
719, 978
486, 664
676, 576
30, 356
83, 844
75, 839
858, 327
564, 901
76, 63
976, 191
695, 678
91, 517
241, 367
713, 500
605, 370
770, 701
486, 83
78, 768
168, 960
606, 997
35, 935
493, 303
104, 97
354, 220
518, 144
561, 510
516, 913
942, 652
164, 793
813, 929
686, 964
642, 978
113, 942
908, 372
218, 967
481, 904
212, 611
477, 52
201, 483
843, 178
342, 340
799, 1
723, 777
633, 936
953, 998
595, 82
618, 430
223, 900
257, 388
936, 958
978, 4
676, 287
843, 222
738, 982
430, 531
242, 68
751, 924
985, 762
589, 90
461, 42
763, 256
162, 696
892, 629
777, 754
813, 89
126, 947
666, 67
85, 872
870, 241
674, 497
603, 337
823, 512
477, 623
609, 601
895, 925
843, 475
1, 329
240, 708
547, 904
919, 812
713, 154
558, 673
150, 937
351, 158
308, 838
16, 80
257, 603
302, 829
286, 484
263, 891
333, 540
805, 459
974, 936
20, 765
15, 666
427, 383
912, 900
593, 860
574, 855
887, 192
948, 403
211, 834
606, 831
918, 162
42, 460
615, 949
443, 321
756, 22
412, 833
812, 773
870, 298
262, 676
160, 370
287, 874
516, 418
56, 720
487, 226
695, 410
839, 938
95, 260
198, 164
408, 751
548, 573
528, 323
680, 312
745, 909
484, 331
6, 340
289, 187
279, 648
768, 253
48, 767
4, 152
742, 649
679, 465
707, 39
960, 351
843, 358
572, 903
994, 836
607, 663
799, 534
324, 637
707, 216
759, 388
669, 709
185, 719
581, 254
126, 928
89, 396
164, 223
516, 813
824, 514
427, 710
507, 957
886, 698
355, 663
300, 355
537, 539
696, 696
257, 990
262, 597
32, 195
298, 271
484, 198
836, 908
948, 495
479, 423
587, 354
986, 22
842, 677
699, 484
868, 523
818, 723
580, 315
656, 346
409, 308
197, 641
998, 708
104, 203
405, 401
125, 555
462, 248
940, 530
709, 721
51, 723
129, 24
203, 732
185, 674
559, 363
733, 276
552, 909
820, 160
117, 490
789, 824
667, 924
711, 260
419, 305
215, 875
68, 330
385, 284
602, 623
174, 205
620, 307
465, 241
402, 173
156, 129
826, 949
662, 62
196, 786
948, 523
284, 609
537, 569
336, 988
747, 520
247, 84
615, 844
246, 136
123, 230
212, 934
188, 781
798, 754
344, 603
599, 658
616, 117
903, 58
808, 261
923, 113
656, 728
534, 159
463, 869
219, 863
956, 137
970, 558
831, 877
328, 442
690, 555
309, 615
619, 131
978, 85
147, 706
999, 210
812, 637
949, 590
993, 406
528, 626
783, 682
598, 889
65, 330
30, 102
499, 188
262, 848
584, 351
32, 712
874, 999
848, 962
457, 854
692, 604
87, 73
843, 958
609, 826
181, 71
158, 29
995, 548
698, 30
893, 283
279, 297
607, 489
883, 204
395, 487
387, 810
163, 837
217, 422
774, 199
299, 276
98, 0
39, 930
297, 194
880, 821
269, 546
823, 846
161, 978
837, 993
322, 705
432, 495
947, 888
666, 241
357, 354
246, 383
924, 606
545, 479
719, 929
168, 691
114, 685
389, 256
337, 261
157, 66
230, 850
673, 978
724, 911
545, 265
469, 609
616, 653
365, 43
30, 553
200, 4
641, 54
81, 639
500, 348
534, 26
826, 199
993, 809
281, 386
844, 252
144, 811
868, 538
386, 96
558, 118
37, 303
21, 510
520, 629
540, 440
923, 824
549, 832
140, 952
345, 714
486, 80
570, 27
449, 124
136, 405
745, 348
292, 909
22, 730
373, 936
924, 501
831, 88
9, 24
857, 971
719, 596
176, 888
635, 921
288, 888
143, 598
171, 779
318, 539
532, 388
4, 686
958, 684
565, 94
76, 588
122, 334
74, 723
511, 812
315, 688
759, 830
540, 867
894, 266
669, 811
728, 340
198, 435
43, 306
545, 119
506, 268
236, 897
990, 788
35, 707
1000, 437
447, 392
989, 628
981, 444
235, 544
377, 476
462, 457
723, 305
464, 593
487, 96
104, 36
157, 356
715, 671
211, 451
882, 424
776, 428
262, 207
457, 764
402, 498
41, 34
404, 877
62, 155
61, 916
891, 843
572, 138
366, 5
581, 568
832, 9
326, 763
644, 556
466, 955
767, 642
1, 272
154, 254
416, 406
176, 922
466, 851
482, 800
27, 662
208, 926
542, 2
948, 865
602, 257
129, 350
876, 16
586, 897
56, 554
167, 974
165, 134
162, 964
142, 27
832, 669
710, 187
965, 54
507, 796
383, 534
37, 576
499, 102
809, 825
791, 749
638, 520
425, 570
891, 585
556, 181
374, 694
467, 919
353, 84
482, 412
122, 426
531, 13
744, 992
361, 843
30, 493
539, 898
363, 581
760, 550
552, 727
706, 695
30, 815
926, 99
527, 876
767, 327
788, 448
677, 302
848, 486
848, 601
111, 834
563, 652
374, 615
859, 171
470, 247
102, 49
117, 309
510, 183
118, 365
747, 915
305, 16
589, 358
227, 980
184, 919
600, 228
560, 587
866, 906
154, 625
25, 813
654, 493
31, 269
417, 466
845, 325
629, 795
573, 451
855, 252
921, 682
716, 751
363, 210
557, 204
914, 961
465, 787
814, 349
407, 11
277, 587
667, 314
344, 689
790, 884
916, 586
710, 996
318, 479
112, 399
251, 790
33, 625
342, 231
766, 308
410, 710
873, 775
339, 123
825, 338
831, 62
913, 149
832, 341
533, 219
906, 370
748, 877
467, 698
993, 516
416, 181
412, 23
636, 301
183, 452
493, 988
462, 276
508, 72
68, 739
306, 623
666, 952
212, 475
381, 334
805, 849
705, 739
742, 334
548, 188
447, 660
842, 120
415, 2
665, 523
693, 514
411, 296
436, 236
704, 2
814, 167
399, 784
315, 471
988, 131
395, 405
679, 314
54, 400
469, 119
591, 269
993, 449
853, 918
802, 499
414, 144
857, 31
646, 222
659, 741
791, 412
393, 907
426, 1000
869, 647
67, 308
136, 639
23, 824
243, 562
883, 298
501, 860
367, 976
414, 402
955, 932
37, 238
437, 880
62, 49
566, 558
411, 452
107, 27
595, 566
839, 411
984, 521
33, 498
102, 509
735, 627
689, 687
174, 677
390, 632
913, 716
924, 319
201, 170
48, 473
575, 875
455, 429
271, 286
360, 321
96, 903
868, 338
972, 314
803, 256
538, 407
769, 0
7, 132
565, 671
362, 995
731, 55
770, 638
620, 44
456, 938
551, 18
196, 961
320, 178
615, 962
551, 162
737, 952
183, 965
139, 138
257, 188
914, 249
416, 648
793, 141
113, 852
575, 913
189, 166
1, 281
235, 502
368, 399
700, 16
967, 626
47, 750
73, 377
810, 1
679, 449
212, 266
524, 992
478, 63
753, 842
500, 65
864, 16
223, 676
70, 814
603, 125
668, 690
826, 655
283, 931
71, 802
186, 821
76, 848
721, 796
355, 603
532, 442
324, 459
816, 313
619, 707
921, 652
416, 598
591, 9
406, 791
821, 541
831, 604
20, 397
779, 394
456, 748
319, 170
288, 486
933, 162
162, 261
635, 380
923, 714
275, 319
3, 737
837, 865
672, 758
69, 926
698, 546
616, 876
475, 176
689, 851
545, 765
706, 388
693, 644
376, 671
787, 678
453, 372
952, 890
412, 643
701, 717
599, 636
62, 428
172, 312
221, 306
253, 926
769, 950
534, 996
850, 665
370, 401
158, 307
573, 846
492, 389
138, 802
672, 175
83, 326
61, 819
517, 919
773, 594
824, 861
298, 136
953, 517
292, 197
58, 755
323, 859
954, 749
388, 107
476, 82
772, 625
439, 899
474, 227
681, 994
332, 789
370, 591
523, 722
342, 982
574, 484
394, 380
381, 848
276, 468
501, 647
563, 660
331, 106
439, 898
500, 270
81, 225
884, 249
885, 761
53, 675
802, 480
706, 952
548, 52
216, 773
407, 649
33, 674
562, 368
298, 124
355, 520
748, 918
571, 982
402, 136
353, 444
769, 878
902, 576
69, 960
23, 443
285, 767
890, 577
836, 283
985, 669
910, 536
808, 355
446, 785
959, 63
923, 849
535, 61
580, 298
248, 225
683, 976
383, 406
543, 988
220, 436
476, 619
24, 401
916, 600
88, 295
894, 654
121, 673
707, 690
698, 410
727, 193
451, 736
70, 726
522, 33
983, 802
295, 332
244, 790
376, 131
341, 305
581, 237
95, 573
428, 799
438, 543
682, 313
980, 45
89, 432
450, 566
654, 162
37, 723
698, 859
973, 119
689, 300
249, 628
293, 544
250, 611
699, 929
349, 609
732, 525
964, 170
122, 643
145, 93
510, 462
507, 27
84, 198
347, 969
70, 631
56, 87
497, 959
140, 491
728, 671
972, 163
63, 37
867, 377
521, 479
796, 797
506, 485
158, 445
689, 571
494, 80
968, 184
870, 606
372, 923
230, 204
532, 432
820, 925
383, 487
214, 277
699, 384
625, 234
907, 720
72, 42
699, 229
223, 91
121, 260
193, 930
245, 412
799, 711
798, 928
697, 839
378, 791
470, 293
222, 550
263, 465
355, 292
534, 167
229, 772
597, 413
152, 670
61, 31
636, 663
447, 335
350, 746
107, 351
674, 344
583, 424
66, 64
737, 850
820, 935
838, 510
891, 889
149, 194
242, 577
31, 912
298, 577
198, 851
789, 618
568, 267
756, 697
632, 833
337, 280
371, 407
241, 281
868, 702
139, 421
474, 646
880, 214
242, 624
972, 896
657, 337
10, 134
46, 558
876, 414
527, 217
76, 361
432, 115
395, 6
906, 391
411, 389
709, 878
730, 880
421, 129
294, 82
926, 183
582, 466
544, 290
929, 276
439, 530
434, 416
288, 168
410, 963
328, 531
426, 250
582, 456
366, 485
274, 670
273, 610
254, 408
258, 794
984, 982
404, 989
533, 710
666, 74
258, 346
322, 345
71, 672
785, 180
389, 712
440, 192
972, 792
352, 44
37, 516
353, 292
422, 287
215, 445
755, 193
435, 1
837, 591
625, 233
963, 31
189, 284
86, 186
85, 850
58, 682
900, 141
176, 823
395, 68
629, 639
367, 275
879, 449
976, 174
221, 670
369, 342
615, 416
22, 553
969, 223
280, 656
653, 501
468, 243
396, 450
749, 585
226, 513
789, 653
739, 601
591, 979
278, 59
979, 80
18, 994
984, 945
201, 783
698, 404
287, 292
902, 425
134, 432
420, 635
122, 1000
640, 94
271, 530
322, 597
934, 735
491, 470
794, 35
765, 943
8, 107
189, 28
421, 583
84, 767
885, 311
444, 546
309, 954
363, 451
440, 927
182, 889
844, 116
828, 688
531, 997
828, 790
619, 172
411, 233
449, 1000
601, 899
499, 17
829, 982
432, 281
843, 113
207, 695
416, 93
357, 707
432, 707
729, 862
261, 925
727, 357
103, 221
624, 716
200, 37
52, 305
188, 936
633, 107
494, 509
374, 225
709, 656
414, 878
852, 953
961, 277
61, 247
768, 256
833, 810
332, 603
539, 470
18, 234
487, 738
345, 631
915, 290
382, 320
880, 193
497, 623
961, 825
269, 234
563, 317
920, 785
124, 16
780, 614
537, 864
27, 692
685, 796
818, 426
587, 131
88, 747
308, 35
159, 378
22, 991
779, 714
602, 497
363, 142
119, 712
680, 128
746, 646
718, 147
20, 349
316, 622
483, 895
507, 195
568, 850
371, 428
795, 843
54, 274
20, 908
890, 717
714, 340
842, 172
228, 731
685, 933
714, 305
733, 110
910, 180
599, 839
305, 623
281, 241
526, 813
422, 790
994, 535
141, 184
583, 380
844, 876
773, 659
345, 342
941, 859
161, 3
824, 218
569, 576
256, 779
29, 907
193, 258
516, 981
610, 114
975, 939
480, 644
891, 356
14, 808
742, 861
442, 619
332, 708
87, 257
968, 327
204, 613
788, 231
413, 300
984, 828
232, 337
129, 987
808, 267
269, 943
839, 593
178, 175
20, 343
160, 226
267, 292
936, 272
176, 84
500, 310
613, 862
451, 930
696, 771
669, 562
367, 939
835, 633
107, 590
249, 390
854, 166
568, 915
818, 853
886, 107
174, 186
714, 467
87, 287
2, 78
932, 814
56, 480
130, 261
234, 548
241, 776
435, 186
451, 858
955, 740
363, 669
871, 654
25, 399
675, 737
472, 271
977, 212
423, 40
342, 329
323, 753
169, 957
167, 83
702, 61
650, 398
448, 503
179, 890
165, 544
721, 75
204, 756
763, 669
776, 299
869, 308
901, 922
288, 43
885, 916
147, 984
348, 999
146, 818
537, 623
656, 742
709, 516
82, 90
245, 151
311, 264
15, 582
341, 723
85, 825
625, 431
837, 665
91, 961
1, 199
912, 382
938, 182
886, 158
183, 888
613, 795
377, 97
967, 519
790, 746
956, 973
498, 487
644, 914
664, 996
621, 684
722, 302
818, 272
119, 13
309, 203
411, 272
435, 195
466, 719
324, 17
754, 692
684, 60
435, 37
394, 134
548, 782
81, 780
333, 424
946, 702
909, 58
695, 252
9, 417
510, 672
517, 393
175, 623
144, 908
917, 498
135, 627
550, 655
464, 602
697, 123
818, 139
467, 433
780, 971
458, 717
822, 772
155, 709
2, 230
410, 711
0, 947
790, 517
179, 291
764, 300
948, 465
55, 68
113, 841
440, 345
512, 143
445, 99
13, 118
963, 233
583, 663
486, 212
136, 631
929, 612
955, 612
873, 800
531, 539
145, 596
410, 980
611, 706
27, 118
396, 372
73, 941
782, 915
585, 304
924, 727
311, 892
231, 673
834, 856
10, 758
81, 851
642, 352
958, 522
145, 9
831, 48
271, 403
97, 196
45, 999
746, 779
281, 978
813, 801
995, 788
631, 745
336, 411
598, 892
520, 895
612, 145
709, 350
409, 692
689, 220
669, 940
944, 267
229, 430
308, 711
383, 302
970, 33
194, 366
735, 77
479, 331
815, 98
988, 458
365, 939
210, 277
130, 331
587, 163
928, 135
218, 107
767, 176
801, 806
432, 152
336, 80
72, 322
977, 697
243, 311
309, 233
517, 136
513, 208
78, 367
457, 914
704, 500
713, 992
997, 509
173, 556
949, 323
945, 351
411, 224
540, 289
91, 882
691, 98
889, 256
922, 675
931, 926
261, 26
693, 958
818, 869
365, 217
77, 651
643, 57
488, 490
649, 352
66, 704
19, 197
349, 713
524, 588
870, 497
274, 559
482, 354
826, 529
225, 200
877, 257
432, 313
865, 152
967, 980
645, 508
762, 549
200, 110
796, 852
174, 887
841, 689
951, 720
83, 481
845, 926
669, 158
348, 539
271, 757
501, 193
239, 253
942, 748
152, 902
283, 600
953, 916
653, 258
181, 501
959, 440
140, 321
589, 181
678, 613
537, 384
44, 706
613, 295
146, 97
70, 142
903, 754
35, 315
715, 255
303, 982
149, 792
947, 398
884, 277
334, 495
899, 841
867, 577
869, 878
895, 381
376, 232
779, 717
984, 317
161, 862
911, 819
572, 264
172, 537
763, 276
242, 635
209, 242
772, 665
957, 373
43, 520
988, 406
407, 566
579, 36
647, 153
964, 602
178, 307
347, 123
819, 217
662, 24
613, 370
725, 447
402, 340
426, 36
590, 318
340, 815
56, 740
373, 789
303, 714
242, 325
819, 693
831, 805
332, 330
124, 339
49, 787
457, 683
770, 79
115, 694
268, 589
460, 40
689, 596
501, 785
653, 939
515, 166
498, 783
692, 515
909, 21
719, 125
931, 978
698, 258
142, 196
670, 288
380, 22
265, 518
187, 597
899, 606
481, 11
880, 781
897, 35
10, 508
103, 270
35, 188
735, 612
200, 23
562, 571
663, 285
632, 422
483, 910
934, 320
296, 428
466, 25
676, 282
619, 626
765, 27
240, 454
177, 945
833, 829
290, 285
732, 868
266, 46
112, 717
227, 858
485, 497
513, 93
73, 475
200, 321
894, 77
538, 184
393, 703
271, 384
781, 920
211, 75
243, 378
47, 967
896, 932
21, 774
828, 191
766, 224
314, 177
45, 322
482, 695
603, 935
382, 578
193, 940
637, 595
628, 294
248, 178
6, 322
548, 474
391, 938
798, 736
930, 213
356, 713
449, 563
40, 245
690, 87
649, 857
818, 756
930, 904
574, 412
767, 286
177, 856
943, 623
369, 868
796, 31
768, 662
158, 81
61, 530
647, 961
29, 44
749, 865
847, 485
186, 962
243, 384
283, 771
550, 914
354, 667
238, 260
705, 159
638, 259
968, 365
905, 183
192, 857
43, 607
908, 538
425, 140
490, 288
662, 210
815, 22
813, 282
828, 472
507, 381
687, 528
817, 199
441, 524
940, 447
769, 894
646, 982
606, 157
582, 743
346, 152
736, 735
807, 383
91, 982
811, 655
927, 756
849, 904
705, 138
360, 800
536, 862
98, 727
488, 575
873, 297
710, 412
711, 544
946, 674
35, 389
865, 974
512, 563
139, 267
465, 962
141, 934
48, 991
237, 154
303, 875
20, 472
896, 366
833, 368
755, 588
441, 530
184, 366
949, 896
899, 489
287, 712
581, 582
386, 918
242, 43
588, 554
790, 86
934, 117
506, 265
303, 534
648, 522
656, 436
846, 75
690, 295
359, 907
461, 67
826, 194
383, 577
168, 338
515, 28
649, 770
903, 546
969, 119
3, 419
867, 537
876, 790
364, 247
257, 851
549, 923
213, 380
504, 239
634, 161
530, 539
381, 955
422, 226
40, 420
298, 468
828, 447
308, 795
841, 885
55, 725
314, 958
753, 523
528, 803
766, 25
226, 210
667, 949
57, 180
569, 453
847, 135
427, 857
387, 566
198, 550
657, 801
53, 533
221, 56
967, 135
123, 313
716, 746
338, 210
621, 651
626, 838
699, 724
478, 746
941, 454
524, 632
476, 373
518, 675
267, 398
133, 985
511, 0
994, 928
809, 514
956, 607
898, 162
402, 532
159, 699
693, 369
348, 429
155, 853
532, 993
409, 703
522, 269
913, 961
879, 118
1, 733
202, 837
958, 776
712, 433
949, 817
18, 513
761, 66
930, 885
879, 66
256, 827
193, 475
991, 519
528, 992
902, 779
843, 495
438, 249
104, 231
850, 767
551, 185
513, 957
223, 910
931, 423
290, 24
765, 314
567, 948
13, 604
204, 610
12, 42
746, 673
894, 478
547, 564
421, 83
371, 566
446, 297
37, 524
697, 749
281, 886
77, 439
821, 671
413, 299
327, 475
490, 470
761, 335
354, 506
510, 712
823, 231
418, 421
97, 812
514, 744
979, 243
216, 632
292, 548
511, 407
436, 129
944, 228
497, 522
884, 724
680, 938
14, 769
212, 538
641, 251
636, 129
233, 346
495, 503
454, 582
967, 892
40, 710
298, 752
493, 899
264, 824
303, 254
770, 643
459, 286
728, 889
534, 156
586, 681
230, 70
563, 657
341, 512
55, 804
233, 57
136, 128
657, 833
437, 686
570, 774
671, 898
859, 409
711, 329
584, 349
458, 130
947, 908
400, 878
34, 414
902, 48
212, 257
778, 151
820, 857
971, 464
627, 845
490, 854
904, 433
441, 998
685, 879
89, 815
383, 612
847, 970
339, 388
370, 826
507, 675
538, 485
647, 271
807, 260
670, 307
860, 623
196, 320
839, 945
921, 696
167, 138
507, 799
544, 371
689, 869
224, 797
859, 202
715, 216
957, 936
192, 817
848, 517
794, 786
726, 721
720, 606
282, 872
469, 495
815, 183
82, 674
563, 446
275, 630
23, 594
754, 417
208, 292
467, 133
432, 38
200, 760
131, 575
381, 571
265, 262
301, 141
242, 18
766, 991
293, 3
681, 381
849, 695
383, 75
484, 748
508, 643
259, 922
861, 747
106, 518
431, 860
587, 450
885, 10
301, 785
272, 786
691, 744
399, 325
346, 966
989, 294
31, 280
808, 847
844, 866
158, 920
143, 348
772, 994
450, 59
204, 596
371, 642
168, 329
532, 323
404, 313
341, 85
316, 24
302, 608
202, 403
167, 136
392, 42
410, 232
770, 38
74, 379
376, 523
383, 188
149, 95
802, 246
673, 407
56, 621
808, 429
30, 388
406, 571
806, 738
558, 403
900, 130
79, 835
30, 245
18, 541
772, 546
419, 534
153, 627
515, 728
160, 7
334, 69
48, 770
963, 272
871, 959
726, 591
558, 429
803, 708
575, 272
984, 161
693, 54
894, 673
5, 67
246, 383
458, 568
320, 696
998, 673
135, 29
185, 709
797, 76
410, 126
492, 966
796, 509
351, 162
782, 404
233, 980
148, 860
602, 180
484, 915
515, 184
718, 754
457, 578
879, 928
685, 696
238, 876
785, 575
497, 792
304, 309
753, 21
511, 945
308, 97
796, 407
449, 280
387, 860
954, 482
92, 617
233, 586
27, 952
251, 21
829, 93
402, 424
984, 969
929, 435
394, 356
59, 624
889, 246
969, 68
705, 124
847, 954
679, 998
38, 143
309, 967
98, 346
284, 573
887, 128
595, 430
862, 408
938, 489
325, 533
120, 618
778, 314
905, 970
34, 59
661, 285
925, 537
253, 837
864, 385
902, 609
762, 135
988, 309
880, 655
168, 623
939, 189
528, 169
683, 700
365, 316
222, 46
452, 462
648, 770
917, 705
580, 473
830, 974
332, 634
560, 113
233, 474
324, 89
836, 736
734, 637
873, 628
162, 502
355, 721
122, 550
694, 872
374, 181
592, 272
899, 924
738, 632
500, 231
507, 418
995, 354
163, 282
924, 126
848, 447
634, 70
64, 949
97, 80
26, 712
11, 634
673, 542
525, 215
633, 491
754, 272
548, 947
834, 668
174, 915
731, 305
969, 947
493, 131
951, 81
59, 423
109, 665
814, 76
330, 642
557, 980
354, 540
436, 913
169, 821
611, 764
118, 971
480, 370
915, 268
777, 5
986, 941
406, 44
51, 85
836, 552
534, 626
652, 896
158, 542
314, 751
456, 689
984, 672
745, 633
975, 545
733, 638
752, 413
697, 459
189, 841
780, 100
448, 915
774, 571
260, 69
722, 558
982, 151
991, 152
14, 387
862, 530
214, 447
313, 248
609, 897
273, 566
924, 601
617, 666
708, 76
934, 405
69, 422
241, 710
150, 508
813, 71
29, 429
366, 559
45, 350
420, 561
270, 235
286, 560
33, 652
474, 15
124, 96
273, 795
667, 734
283, 607
44, 107
901, 922
884, 41
694, 535
768, 553
553, 234
593, 897
470, 94
146, 519
724, 784
803, 103
518, 627
348, 42
757, 774
419, 830
21, 270
813, 230
242, 36
597, 526
28, 193
507, 428
87, 42
414, 385
644, 827
932, 946
708, 530
534, 0
409, 204
241, 577
902, 876
294, 400
669, 287
927, 613
427, 24
372, 276
868, 405
869, 691
375, 795
496, 505
96, 661
75, 329
406, 483
956, 525
916, 179
450, 771
617, 987
914, 758
336, 322
594, 651
279, 936
561, 355
142, 119
324, 213
43, 39
145, 722
611, 653
445, 279
582, 901
43, 956
324, 880
9, 229
164, 43
48, 851
735, 416
269, 412
741, 490
238, 168
991, 972
984, 439
739, 774
9, 861
172, 201
33, 125
664, 448
646, 666
196, 231
891, 149
46, 37
806, 87
118, 397
534, 990
458, 784
519, 913
179, 959
761, 386
797, 904
383, 218
264, 731
749, 381
849, 147
603, 672
272, 277
79, 834
554, 238
197, 640
538, 961
689, 808
387, 718
27, 134
106, 420
190, 845
578, 904
866, 446
875, 928
483, 697
639, 19
847, 578
537, 386
775, 375
165, 12
626, 155
917, 990
53, 720
977, 294
479, 393
326, 418
108, 914
798, 144
284, 956
190, 12
918, 41
182, 18
902, 333
836, 248
915, 23
815, 182
520, 484
901, 996
963, 679
689, 418
39, 258
78, 753
16, 867
414, 109
515, 834
233, 800
872, 413
824, 85
481, 691
227, 144
261, 421
763, 955
10, 181
722, 528
230, 630
361, 529
335, 827
537, 318
586, 367
259, 536
683, 844
484, 191
546, 1000
784, 506
486, 574
2, 712
249, 472
438, 929
310, 560
526, 446
630, 483
481, 281
66, 611
81, 952
24, 554
65, 72
764, 217
23, 213
297, 269
638, 455
371, 312
720, 972
721, 428
19, 916
407, 464
706, 987
702, 861
546, 73
6, 521
706, 132
948, 111
452, 953
345, 607
963, 67
435, 368
595, 649
463, 790
141, 896
385, 759
268, 692
262, 882
909, 227
266, 498
603, 332
158, 579
525, 295
397, 33
231, 857
447, 958
837, 436
212, 259
805, 147
572, 324
469, 224
212, 178
849, 722
211, 270
622, 152
609, 605
370, 520
889, 913
586, 876
550, 807
325, 367
887, 990
993, 402
314, 555
32, 481
350, 417
715, 401
444, 634
586, 456
544, 939
730, 9
887, 976
569, 235
620, 52
244, 107
799, 961
231, 448
758, 323
28, 96
747, 116
925, 96
514, 360
482, 438
82, 545
709, 401
709, 354
645, 635
654, 110
183, 347
126, 274
650, 939
486, 691
183, 471
826, 56
759, 916
423, 329
109, 588
313, 770
541, 347
256, 235
843, 736
634, 996
625, 396
132, 857
532, 518
919, 776
844, 671
763, 743
590, 725
852, 904
591, 104
833, 844
3, 2
734, 513
248, 763
502, 337
312, 679
417, 823
485, 328
967, 551
594, 558
837, 257
941, 235
440, 508
890, 335
603, 926
540, 376
251, 264
23, 106
670, 472
936, 357
27, 173
806, 82
156, 319
302, 746
661, 815
553, 402
970, 674
198, 614
608, 370
298, 318
133, 412
838, 397
415, 78
703, 976
82, 686
707, 570
41, 624
939, 771
894, 747
297, 773
75, 679
110, 468
448, 336
524, 783
63, 538
376, 804
548, 93
583, 584
670, 344
665, 106
399, 797
13, 276
593, 351
662, 102
504, 726
527, 546
396, 949
27, 831
483, 294
253, 851
853, 863
265, 703
850, 504
847, 352
925, 66
1, 224
829, 16
843, 128
15, 453
609, 98
800, 329
819, 182
951, 992
419, 307
457, 73
720, 369
79, 235
590, 333
478, 173
695, 719
362, 554
983, 686
247, 410
582, 29
643, 825
216, 562
352, 520
185, 715
412, 508
874, 879
511, 742
870, 660
623, 180
540, 764
872, 246
252, 401
619, 731
844, 924
450, 132
50, 364
731, 389
781, 8
74, 196
696, 290
561, 330
247, 248
185, 625
532, 779
342, 463
945, 604
70, 122
171, 868
650, 617
765, 655
655, 287
6, 617
689, 124
446, 273
227, 737
2, 935
884, 46
978, 390
794, 605
9, 250
187, 584
887, 693
494, 194
550, 83
896, 291
360, 950
262, 962
398, 799
126, 213
844, 93
732, 213
190, 71
709, 93
308, 33
656, 224
969, 917
508, 118
3, 754
155, 102
565, 182
789, 223
207, 68
873, 299
846, 275
548, 600
160, 560
990, 641
654, 697
5, 748
456, 365
922, 222
47, 361
410, 834
473, 441
900, 828
152, 753
818, 633
700, 709
603, 462
544, 942
831, 678
68, 292
240, 171
180, 817
557, 579
373, 792
2, 518
169, 468
911, 210
806, 730
580, 946
947, 853
925, 439
391, 977
134, 656
362, 44
759, 61
736, 119
202, 940
958, 101
863, 714
779, 219
211, 144
340, 514
479, 873
972, 819
402, 562
151, 194
951, 234
479, 955
346, 895
936, 314
521, 371
114, 580
606, 388
288, 548
894, 740
506, 188
881, 700
413, 550
511, 628
388, 114
869, 106
624, 762
619, 6
259, 165
709, 213
580, 878
518, 78
642, 933
387, 706
932, 346
433, 501
423, 211
355, 684
74, 697
883, 51
698, 44
412, 585
411, 711
313, 984
927, 378
250, 757
24, 134
292, 527
906, 226
360, 838
925, 571
131, 147
439, 299
22, 844
190, 323
573, 49
787, 99
909, 353
656, 81
554, 124
386, 360
329, 152
801, 486
16, 278
721, 129
746, 254
630, 949
973, 875
441, 994
942, 975
427, 451
6, 492
345, 775
275, 827
507, 726
863, 193
971, 948
362, 639
870, 928
180, 89
201, 705
787, 445
377, 349
759, 755
949, 693
735, 180
800, 351
807, 350
611, 269
987, 70
113, 554
674, 692
754, 939
513, 286
150, 26
615, 956
423, 461
148, 370
95, 260
207, 925
497, 126
783, 399
666, 744
967, 353
883, 604
156, 871
546, 970
91, 712
557, 322
949, 23
597, 55
375, 108
131, 141
962, 809
249, 276
138, 109
759, 801
476, 566
929, 47
963, 169
562, 453
826, 161
473, 446
632, 993
283, 282
227, 323
819, 914
691, 81
505, 299
431, 307
109, 242
206, 272
758, 39
906, 139
465, 4
275, 521
504, 845
882, 896
930, 1
1000, 692
544, 462
227, 999
55, 863
575, 778
287, 392
699, 845
954, 463
783, 935
888, 175
657, 737
26, 875
327, 132
729, 952
762, 908
819, 805
102, 991
913, 781
139, 995
754, 743
202, 980
36, 855
687, 260
78, 696
141, 948
362, 94
268, 162
366, 686
828, 703
985, 473
432, 554
558, 403
634, 507
453, 761
307, 152
855, 603
410, 657
796, 725
298, 76
930, 203
702, 560
3, 443
546, 356
917, 78
418, 271
575, 655
219, 584
530, 244
391, 558
695, 663
536, 979
407, 831
197, 206
964, 344
125, 88
415, 838
364, 865
190, 919
82, 286
3, 582
966, 954
558, 994
982, 204
17, 131
966, 470
592, 249
807, 958
441, 187
774, 499
693, 73
829, 358
571, 580
908, 590
365, 209
116, 657
26, 586
763, 195
568, 180
528, 285
578, 719
886, 62
173, 304
479, 978
730, 62
430, 247
403, 653
503, 590
858, 876
977, 224
951, 891
606, 925
21, 477
320, 555
774, 341
214, 449
364, 527
157, 377
114, 239
217, 102
890, 142
314, 709
763, 846
267, 627
3, 859
231, 833
712, 716
190, 772
428, 514
339, 289
575, 157
176, 389
161, 164
39, 821
898, 662
799, 293
407, 49
251, 700
464, 513
885, 777
56, 152
859, 550
524, 297
335, 437
122, 105
364, 183
332, 527
732, 62
71, 224
462, 314
109, 831
626, 115
38, 499
709, 726
986, 976
59, 281
342, 165
637, 365
92, 270
44, 671
630, 970
241, 84
711, 571
482, 482
227, 292
897, 932
77, 507
604, 27
38, 625
162, 487
961, 695
479, 662
708, 50
997, 205
461, 971
98, 921
74, 283
402, 258
635, 36
508, 546
867, 693
32, 701
945, 734
757, 58
772, 630
119, 4
85, 586
524, 828
478, 615
765, 10
963, 870
930, 146
274, 707
161, 146
39, 967
809, 108
281, 855
540, 906
538, 568
450, 209
597, 23
849, 462
150, 160
799, 145
731, 964
526, 96
674, 638
863, 420
819, 269
971, 200
334, 136
30, 826
687, 559
859, 579
526, 500
741, 820
538, 906
354, 469
755, 455
299, 432
762, 918
686, 86
213, 923
798, 670
4, 354
5, 747
71, 647
37, 855
792, 149
53, 577
689, 720
846, 100
464, 45
978, 774
457, 416
803, 649
736, 945
111, 374
430, 790
269, 869
225, 438
81, 427
27, 37
759, 391
745, 279
959, 517
419, 969
216, 965
498, 498
171, 946
256, 55
723, 490
288, 992
557, 822
631, 882
689, 753
971, 393
57, 261
265, 483
811, 609
346, 437
41, 67
642, 936
902, 414
327, 948
757, 979
750, 953
895, 704
952, 160
610, 591
903, 914
381, 582
924, 822
348, 325
990, 485
591, 343
712, 283
678, 143
141, 129
901, 268
432, 444
716, 186
666, 29
504, 759
178, 549
606, 588
915, 945
162, 280
375, 229
237, 57
9, 557
871, 664
353, 334
257, 299
30, 8
878, 843
531, 457
326, 749
327, 121
986, 198
614, 572
652, 372
337, 938
494, 541
626, 797
456, 315
284, 834
142, 139
6, 845
881, 645
715, 658
341, 107
479, 521
932, 336
842, 365
396, 834
363, 92
685, 482
905, 322
776, 862
276, 449
715, 331
171, 146
79, 27
446, 50
136, 836
854, 546
554, 619
878, 352
451, 960
782, 4
749, 406
248, 375
323, 737
854, 817
979, 959
369, 277
960, 470
121, 844
1000, 258
684, 147
473, 396
670, 621
466, 721
411, 340
368, 461
30, 140
670, 736
431, 949
38, 748
569, 672
783, 801
107, 316
472, 567
129, 251
67, 230
847, 843
553, 200
337, 634
439, 56
632, 305
246, 490
380, 390
876, 254
368, 444
845, 10
697, 587
16, 185
479, 492
415, 995
225, 311
693, 549
449, 540
847, 849
498, 794
704, 914
625, 487
0, 526
104, 684
261, 140
130, 328
640, 925
363, 232
355, 112
670, 357
184, 160
353, 282
625, 395
649, 230
669, 405
186, 396
406, 948
556, 585
253, 66
680, 831
716, 496
627, 338
911, 620
98, 264
859, 473
299, 680
79, 457
857, 968
736, 9
308, 673
130, 101
813, 761
408, 786
308, 338
259, 669
62, 634
625, 478
941, 918
989, 918
828, 811
491, 685
65, 50
539, 407
346, 931
509, 625
920, 10
995, 137
376, 553
593, 224
166, 54
303, 898
71, 632
746, 967
756, 124
338, 656
124, 0
618, 921
862, 591
847, 387
306, 498
891, 77
655, 747
913, 609
104, 145
328, 842
239, 534
513, 761
379, 371
899, 906
286, 216
990, 761
669, 978
553, 875
816, 434
489, 384
200, 985
301, 360
398, 679
890, 220
813, 477
751, 311
1000, 737
404, 701
158, 577
375, 233
684, 930
404, 600
107, 99
843, 995
568, 739
620, 268
117, 205
696, 137
85, 762
273, 818
505, 137
602, 187
301, 644
516, 915
498, 655
956, 812
603, 890
92, 192
93, 320
304, 63
354, 971
535, 282
532, 304
686, 910
440, 723
420, 470
167, 685
407, 684
523, 309
607, 957
389, 771
208, 879
193, 208
372, 582
249, 678
21, 908
374, 556
211, 201
136, 740
329, 702
698, 899
943, 275
651, 895
635, 783
523, 64
206, 278
944, 943
930, 145
95, 776
930, 906
344, 834
197, 981
747, 606
784, 817
982, 383
148, 370
144, 482
994, 742
572, 100
311, 203
182, 157
12, 585
525, 649
773, 820
48, 846
227, 823
171, 41
949, 965
840, 971
873, 529
375, 118
891, 923
849, 826
535, 50
343, 494
73, 732
778, 541
993, 375
570, 147
668, 463
205, 878
601, 109
424, 155
371, 635
326, 448
605, 707
845, 557
424, 416
39, 96
116, 311
482, 649
296, 947
367, 151
259, 672
164, 520
39, 181
204, 470
810, 477
818, 896
109, 832
150, 840
659, 968
615, 314
347, 892
93, 911
940, 176
819, 164
122, 73
312, 309
718, 733
902, 311
95, 37
633, 924
567, 325
727, 330
524, 809
251, 577
407, 473
99, 795
152, 198
418, 241
745, 422
692, 134
59, 375
566, 956
998, 26
565, 4
210, 540
367, 654
983, 593
15, 245
576, 247
21, 122
447, 502
465, 313
795, 395
612, 416
516, 742
271, 203
849, 389
753, 491
112, 950
43, 965
213, 893
574, 307
22, 411
271, 442
681, 412
986, 415
331, 21
154, 689
141, 641
31, 638
13, 838
299, 190
25, 621
475, 488
339, 349
163, 522
183, 528
427, 403
400, 762
519, 948
665, 436
847, 684
906, 682
31, 224
346, 534
301, 970
774, 26
562, 331
367, 440
683, 985
238, 791
933, 131
334, 61
997, 319
780, 814
258, 902
943, 188
337, 717
695, 819
593, 415
404, 618
72, 470
454, 682
36, 905
237, 860
833, 314
114, 839
347, 269
330, 286
448, 286
790, 251
798, 488
794, 944
597, 250
391, 755
471, 564
906, 927
515, 328
90, 162
984, 426
152, 706
387, 762
620, 766
428, 877
10, 643
41, 613
806, 514
939, 933
285, 120
544, 319
693, 328
270, 323
6, 368
571, 936
708, 862
853, 655
413, 130
94, 723
725, 431
881, 590
961, 111
172, 45
656, 860
548, 398
204, 603
228, 171
891, 313
234, 639
242, 183
215, 41
111, 252
431, 25
866, 889
284, 617
752, 814
314, 428
911, 454
343, 417
644, 2
84, 390
524, 355
67, 792
593, 742
600, 202
730, 469
124, 218
116, 430
260, 632
777, 673
695, 172
235, 601
489, 775
254, 38
269, 238
829, 37
104, 697
747, 852
16, 138
396, 102
937, 302
922, 473
415, 660
62, 64
895, 792
531, 509
313, 93
552, 530
463, 994
123, 88
768, 709
961, 903
518, 557
196, 143
947, 577
44, 64
455, 772
649, 210
281, 658
342, 139
718, 359
761, 965
720, 73
555, 983
259, 739
302, 342
380, 145
662, 729
390, 9
357, 986
195, 384
552, 805
229, 223
50, 575
843, 659
698, 667
707, 972
770, 527
451, 610
540, 618
357, 646
286, 3
450, 817
738, 681
928, 952
89, 406
920, 225
255, 222
212, 899
54, 949
441, 673
112, 228
55, 323
112, 928
158, 35
84, 782
36, 840
148, 6
738, 244
770, 759
591, 680
752, 80
630, 71
375, 77
851, 154
184, 117
132, 883
244, 568
620, 64
669, 78
361, 654
439, 105
755, 218
687, 427
79, 844
114, 517
867, 288
998, 16
101, 314
428, 793
926, 259
401, 390
93, 0
311, 340
52, 539
196, 393
95, 293
617, 421
229, 402
269, 2
612, 72
247, 999
680, 411
545, 605
597, 229
575, 870
467, 384
63, 906
597, 12
635, 683
455, 38
386, 690
451, 217
485, 780
981, 128
638, 715
938, 1000
692, 470
677, 393
248, 24
826, 537
67, 731
90, 38
485, 943
106, 842
979, 675
930, 990
49, 801
658, 109
579, 537
749, 217
106, 717
744, 640
625, 809
501, 43
318, 600
898, 268
762, 855
399, 942
617, 387
305, 156
331, 196
25, 752
843, 585
115, 801
484, 493
169, 802
698, 83
33, 338
387, 492
344, 948
542, 484
141, 109
179, 449
318, 956
31, 149
945, 545
847, 371
727, 663
542, 477
544, 235
729, 923
384, 49
873, 505
369, 850
205, 704
395, 228
947, 859
641, 702
333, 505
250, 876
565, 74
887, 164
500, 665
717, 327
982, 942
215, 688
297, 934
957, 325
328, 22
492, 462
763, 920
662, 352
403, 488
204, 28
826, 490
999, 956
618, 487
541, 20
658, 678
273, 857
364, 803
243, 526
293, 138
968, 659
39, 206
779, 144
240, 104
210, 297
339, 996
578, 509
966, 759
594, 253
588, 242
806, 677
831, 179
908, 783
173, 258
242, 636
26, 703
648, 991
456, 57
841, 259
846, 773
742, 559
306, 541
263, 967
205, 256
851, 293
616, 910
806, 845
854, 466
50, 826
398, 532
299, 210
958, 85
225, 435
792, 471
616, 490
782, 342
609, 861
624, 849
527, 5
508, 19
89, 237
146, 928
989, 105
397, 924
726, 454
903, 876
900, 272
255, 302
579, 345
983, 344
12, 692
299, 170
722, 755
222, 398
941, 57
792, 135
436, 87
400, 202
924, 998
254, 793
646, 315
837, 224
307, 382
41, 305
521, 197
32, 263
453, 520
61, 595
649, 394
139, 123
347, 53
915, 612
896, 139
370, 866
930, 9
484, 589
673, 784
31, 194
814, 269
359, 257
119, 594
100, 911
882, 365
955, 268
152, 884
841, 907
775, 763
775, 212
523, 456
29, 756
460, 433
558, 916
107, 112
544, 910
791, 845
478, 612
274, 567
166, 477
757, 102
57, 280
439, 19
302, 141
155, 578
494, 679
157, 599
496, 769
480, 455
951, 526
845, 16
678, 420
379, 375
651, 771
888, 409
861, 671
176, 1
56, 743
753, 299
473, 88
950, 892
214, 62
639, 486
129, 431
525, 74
124, 127
18, 669
604, 545
995, 696
224, 971
228, 216
128, 680
582, 65
491, 739
931, 315
653, 159
180, 267
369, 316
880, 234
672, 441
201, 712
172, 499
591, 120
98, 881
639, 950
536, 902
258, 695
804, 324
179, 709
388, 434
282, 19
55, 183
94, 432
131, 673
690, 18
908, 179
655, 774
146, 13
925, 422
935, 435
564, 708
852, 617
598, 570
337, 49
86, 897
702, 847
157, 67
89, 871
740, 258
412, 930
19, 486
265, 506
877, 586
710, 323
728, 533
213, 522
378, 10
386, 761
134, 418
791, 412
891, 154
697, 574
780, 693
921, 855
981, 549
457, 519
802, 217
986, 908
374, 761
26, 294
713, 532
985, 39
806, 593
400, 60
79, 604
674, 573
802, 536
707, 481
571, 155
69, 906
851, 542
699, 599
560, 452
49, 450
1000, 239
868, 88
700, 339
397, 138
905, 949
624, 866
952, 174
225, 709
641, 377
964, 729
289, 884
15, 957
700, 404
471, 492
594, 934
794, 342
620, 453
894, 274
619, 647
494, 680
755, 174
312, 67
796, 464
795, 641
880, 59
318, 238
689, 474
640, 422
423, 207
503, 549
480, 793
928, 7
374, 683
135, 339
464, 336
941, 569
15, 394
40, 402
380, 394
859, 103
12, 489
483, 933
193, 314
186, 240
465, 738
805, 675
385, 8
85, 603
305, 608
763, 780
641, 445
530, 606
454, 123
268, 618
754, 290
963, 910
638, 721
683, 683
559, 346
726, 594
84, 131
484, 98
141, 244
156, 424
895, 651
886, 350
73, 481
756, 483
938, 235
412, 607
587, 919
554, 362
255, 775
186, 386
507, 682
1, 9
498, 896
266, 720
10, 533
850, 786
129, 217
821, 138
408, 734
900, 855
468, 667
393, 409
438, 412
902, 994
659, 753
442, 385
830, 174
507, 689
795, 112
383, 716
325, 247
649, 950
89, 721
486, 452
813, 699
825, 804
589, 448
320, 478
994, 17
416, 535
497, 993
378, 861
532, 301
290, 244
321, 326
631, 694
130, 829
892, 39
83, 490
662, 512
603, 339
628, 476
674, 475
991, 636
461, 721
684, 170
16, 714
973, 183
443, 123
96, 834
130, 204
966, 288
344, 496
999, 263
167, 418
190, 968
382, 616
401, 433
200, 972
304, 471
956, 814
402, 791
195, 632
829, 75
186, 180
398, 99
383, 190
691, 873
285, 35
871, 256
523, 378
351, 381
554, 199
586, 789
902, 504
106, 834
949, 987
347, 726
39, 385
6, 916
480, 129
81, 396
431, 850
514, 559
845, 15
220, 807
960, 92
780, 361
307, 888
789, 558
732, 134
176, 14
251, 589
874, 879
117, 476
103, 239
461, 889
951, 631
970, 957
844, 827
497, 420
236, 539
44, 279
843, 901
728, 205
952, 620
819, 821
72, 832
132, 743
808, 590
694, 463
503, 504
175, 267
927, 257
318, 147
932, 803
455, 981
709, 309
570, 806
758, 439
390, 812
42, 662
266, 138
430, 832
421, 854
934, 196
111, 966
777, 367
782, 109
474, 651
456, 152
238, 433
478, 62
165, 149
637, 484
59, 996
883, 216
578, 289
4, 976
871, 375
142, 718
979, 889
884, 668
164, 222
889, 616
71, 642
997, 546
271, 683
856, 143
537, 318
410, 938
155, 164
679, 76
147, 413
916, 50
884, 98
771, 292
788, 660
625, 715
595, 744
981, 21
124, 513
254, 113
18, 705
380, 239
424, 525
445, 900
254, 110
794, 626
525, 943
5, 926
419, 418
43, 82
186, 167
216, 169
864, 755
615, 999
465, 796
20, 81
311, 658
800, 16
967, 649
495, 320
676, 619
447, 183
938, 19
993, 425
841, 29
296, 117
85, 910
827, 538
469, 317
920, 172
14, 994
940, 574
172, 150
547, 557
200, 241
822, 689
457, 937
540, 845
864, 826
649, 730
272, 212
341, 846
331, 22
795, 222
967, 787
529, 826
299, 418
912, 817
417, 992
654, 640
257, 745
301, 83
545, 668
944, 100
302, 933
938, 915
497, 937
867, 791
36, 938
980, 943
548, 727
820, 673
308, 963
979, 241
845, 173
84, 561
573, 773
131, 144
408, 208
426, 493
670, 362
171, 143
575, 322
690, 774
616, 56
878, 148
466, 73
307, 520
886, 909
232, 513
801, 707
601, 567
548, 199
450, 26
85, 788
743, 942
938, 874
690, 418
245, 263
284, 953
871, 432
476, 702
361, 381
60, 645
419, 0
257, 124
353, 868
574, 371
360, 946
191, 309
922, 672
91, 293
352, 302
367, 497
251, 322
409, 969
62, 49
796, 92
951, 931
169, 225
746, 332
869, 527
978, 878
661, 666
235, 441
406, 466
408, 467
962, 331
951, 970
466, 335
742, 251
226, 496
228, 427
317, 45
155, 749
783, 450
125, 322
364, 807
93, 654
244, 292
897, 187
129, 134
330, 693
379, 203
297, 352
998, 649
992, 346
262, 496
876, 871
608, 344
351, 38
14, 255
411, 900
710, 547
466, 804
541, 541
407, 128
106, 243
605, 774
724, 975
580, 212
290, 778
408, 986
417, 23
862, 731
95, 912
812, 826
965, 373
301, 476
614, 332
277, 144
352, 622
355, 237
386, 295
805, 377
495, 569
15, 872
317, 796
383, 814
561, 237
482, 310
656, 469
283, 882
902, 197
930, 430
738, 0
372, 210
936, 19
834, 949
53, 984
98, 123
901, 448
506, 162
848, 384
65, 67
497, 843
944, 484
253, 311
728, 77
694, 208
601, 500
472, 486
194, 718
446, 577
334, 352
841, 537
370, 353
748, 91
538, 741
15, 257
22, 314
501, 504
706, 789
246, 429
465, 418
383, 513
398, 814
980, 160
83, 47
861, 569
938, 728
945, 808
798, 153
471, 32
659, 792
583, 782
873, 983
658, 740
43, 688
229, 640
263, 285
796, 133
482, 193
360, 314
497, 769
100, 653
270, 814
146, 390
863, 618
29, 633
315, 466
72, 365
193, 282
37, 191
31, 269
723, 9
166, 585
692, 853
606, 835
471, 563
482, 574
384, 596
389, 15
469, 86
21, 566
997, 15
789, 825
739, 896
321, 852
124, 728
115, 957
920, 430
202, 739
242, 996
859, 135
11, 75
685, 733
542, 938
889, 369
432, 657
883, 218
165, 654
569, 583
111, 620
491, 85
424, 755
567, 721
404, 529
104, 783
93, 396
877, 741
385, 807
233, 206
500, 880
807, 921
224, 535
849, 84
176, 146
915, 961
988, 759
1000, 453
868, 387
790, 625
749, 827
418, 68
534, 306
982, 861
825, 671
213, 364
0, 37
993, 226
810, 435
441, 458
636, 830
140, 200
67, 342
340, 31
336, 563
303, 345
549, 480
772, 433
0, 568
598, 292
290, 314
168, 286
373, 73
478, 356
798, 215
594, 703
773, 480
757, 320
750, 96
379, 535
880, 459
436, 528
576, 736
458, 901
469, 440
576, 738
171, 403
625, 484
31, 411
834, 944
622, 566
88, 288
987, 777
333, 868
147, 106
532, 380
928, 187
654, 880
604, 358
628, 104
514, 138
671, 275
857, 96
279, 228
729, 129
249, 374
204, 155
414, 710
559, 542
20, 428
153, 32
434, 191
338, 751
711, 347
974, 67
664, 447
230, 585
159, 725
209, 325
397, 505
878, 607
291, 383
58, 737
752, 991
640, 94
199, 205
554, 751
709, 308
976, 484
289, 218
399, 569
306, 110
460, 239
952, 836
368, 182
208, 57
199, 54
305, 770
990, 707
901, 787
895, 521
216, 451
42, 244
377, 888
133, 237
168, 807
448, 783
152, 186
644, 119
908, 755
271, 971
710, 640
668, 130
684, 835
250, 619
488, 433
394, 950
668, 240
86, 472
910, 12
941, 296
229, 820
560, 63
260, 620
591, 188
24, 7
139, 482
540, 558
424, 205
230, 351
187, 134
254, 197
384, 383
835, 654
630, 839
682, 13
282, 77
809, 156
404, 650
701, 859
281, 85
338, 57
465, 824
616, 20
868, 235
648, 902
291, 849
422, 281
34, 883
907, 641
138, 710
389, 877
568, 98
120, 32
684, 892
670, 239
909, 409
528, 132
457, 11
909, 53
35, 98
433, 859
598, 362
206, 325
358, 158
246, 842
517, 581
621, 110
490, 974
67, 482
126, 662
294, 231
693, 787
16, 976
915, 785
961, 373
993, 688
642, 871
795, 942
408, 395
264, 49
677, 650
653, 57
24, 644
859, 634
418, 14
433, 244
439, 464
752, 540
932, 919
709, 421
277, 187
552, 635
103, 425
477, 574
869, 830
671, 666
262, 214
881, 999
86, 209
701, 331
891, 642
56, 976
406, 630
439, 644
308, 87
556, 637
756, 321
303, 709
56, 729
95, 984
692, 904
205, 517
494, 728
899, 945
509, 736
907, 112
296, 552
872, 545
742, 627
760, 595
290, 903
777, 22
178, 704
45, 731
772, 262
519, 544
222, 740
549, 434
195, 267
21, 322
801, 312
62, 144
100, 827
46, 867
364, 429
170, 814
779, 413
491, 20
218, 213
443, 513
465, 285
869, 843
38, 952
184, 153
794, 616
234, 237
835, 853
437, 191
453, 586
120, 178
742, 175
721, 246
78, 484
552, 535
261, 721
546, 827
641, 803
821, 15
367, 892
539, 805
183, 498
173, 66
604, 807
223, 793
827, 622
532, 972
428, 203
649, 757
941, 378
851, 689
712, 522
854, 704
600, 364
593, 739
438, 597
720, 225
503, 949
810, 471
126, 676
413, 891
660, 667
566, 554
546, 692
458, 154
587, 612
921, 811
188, 348
686, 74
915, 555
62, 65
593, 246
136, 367
634, 34
116, 335
413, 698
1000, 875
907, 571
102, 635
838, 895
888, 784
73, 575
7, 567
228, 386
68, 279
231, 174
529, 243
81, 443
573, 804
48, 86
485, 817
199, 520
865, 883
391, 865
923, 341
626, 538
57, 8
529, 754
561, 779
81, 754
236, 587
972, 985
138, 395
856, 365
378, 749
784, 194
493, 225
858, 439
188, 394
796, 719
320, 140
900, 10
632, 43
819, 929
785, 520
444, 501
389, 66
910, 144
754, 498
176, 934
91, 198
732, 579
2, 30
26, 260
435, 485
276, 437
237, 749
698, 1000
499, 286
589, 808
223, 193
332, 483
560, 915
952, 999
646, 803
412, 828
506, 597
754, 22
329, 561
320, 948
743, 491
427, 104
250, 974
708, 114
21, 655
877, 276
708, 553
27, 140
380, 407
108, 459
3, 612
318, 880
103, 302
277, 112
491, 850
163, 875
926, 294
996, 415
67, 413
147, 503
252, 588
429, 933
632, 175
409, 270
686, 925
471, 700
913, 899
227, 209
438, 488
876, 838
925, 264
848, 661
470, 919
346, 218
871, 426
421, 259
229, 485
588, 248
441, 670
261, 263
904, 261
808, 526
954, 589
540, 54
90, 107
8, 732
633, 949
554, 329
843, 0
546, 11
679, 400
314, 282
752, 81
99, 32
498, 290
947, 526
978, 961
187, 483
533, 812
26, 486
400, 437
630, 829
87, 959
195, 227
695, 862
92, 635
473, 797
312, 238
254, 152
87, 252
655, 495
645, 830
257, 812
247, 195
362, 550
46, 613
542, 321
445, 828
510, 882
298, 877
944, 556
453, 818
781, 654
134, 25
768, 619
490, 235
365, 665
49, 52
870, 660
346, 235
514, 337
238, 590
318, 561
959, 555
661, 622
118, 108
184, 989
376, 696
488, 387
82, 425
3, 848
827, 512
965, 837
455, 352
385, 307
871, 745
702, 819
60, 830
368, 997
33, 820
878, 179
133, 570
167, 76
443, 298
59, 943
915, 883
971, 227
599, 490
778, 252
211, 619
589, 133
561, 981
216, 203
620, 344
568, 340
865, 786
445, 880
404, 508
636, 826
120, 536
828, 997
975, 899
437, 213
252, 530
975, 396
773, 553
431, 308
106, 468
955, 439
18, 941
877, 401
439, 814
502, 944
920, 472
157, 315
985, 158
766, 968
491, 444
381, 56
476, 273
256, 656
933, 895
46, 633
389, 982
984, 961
437, 217
118, 277
992, 442
632, 73
552, 748
769, 395
891, 183
852, 471
307, 37
498, 57
9, 930
480, 582
438, 691
5, 884
630, 325
27, 754
85, 629
555, 439
843, 545
194, 966
693, 611
387, 183
768, 847
562, 154
679, 353
875, 955
872, 41
75, 976
228, 806
677, 318
485, 827
861, 152
24, 962
168, 778
363, 530
420, 25
680, 863
292, 777
814, 691
5, 58
812, 159
841, 678
885, 765
565, 452
519, 461
262, 495
687, 641
626, 450
116, 585
32, 675
738, 115
282, 68
391, 403
213, 837
310, 110
678, 445
875, 874
441, 667
907, 535
146, 293
115, 316
96, 454
746, 71
284, 416
559, 257
413, 136
590, 51
850, 345
563, 715
180, 299
918, 192
496, 271
200, 545
514, 954
357, 420
525, 807
29, 452
96, 743
45, 855
552, 178
830, 670
315, 94
995, 457
408, 829
401, 807
639, 914
564, 295
626, 920
792, 728
58, 664
954, 255
610, 681
994, 838
807, 257
142, 85
488, 992
812, 399
768, 461
838, 378
541, 576
36, 225
805, 212
225, 256
738, 362
427, 519
432, 197
331, 148
472, 328
507, 292
929, 730
370, 147
434, 456
932, 187
775, 353
518, 30
725, 123
572, 498
545, 970
872, 563
422, 855
827, 516
604, 816
875, 768
824, 181
510, 228
127, 371
881, 248
665, 925
531, 419
677, 531
401, 514
651, 963
138, 993
334, 952
114, 835
189, 87
496, 316
209, 516
580, 923
274, 27
800, 384
216, 790
520, 657
304, 662
73, 453
756, 499
511, 32
131, 887
39, 984
686, 904
337, 191
794, 379
723, 614
771, 924
405, 539
739, 367
330, 781
59, 943
888, 915
910, 884
510, 549
295, 267
716, 481
41, 622
940, 461
106, 954
263, 63
929, 915
995, 202
227, 35
107, 144
696, 888
83, 752
496, 68
250, 813
989, 127
422, 43
674, 145
594, 257
759, 77
7, 916
289, 428
741, 253
466, 0
666, 591
949, 246
737, 544
245, 451
4, 891
563, 579
440, 586
392, 755
161, 54
829, 718
378, 521
284, 612
339, 177
701, 190
708, 839
251, 537
513, 645
229, 187
750, 711
243, 814
456, 44
363, 395
661, 520
257, 163
914, 943
87, 737
209, 766
42, 360
160, 445
142, 490
204, 696
990, 818
743, 417
382, 306
604, 988
851, 773
165, 430
20, 430
698, 226
840, 449
544, 464
581, 341
24, 607
264, 668
374, 371
949, 303
679, 78
151, 224
259, 646
507, 420
777, 705
658, 969
782, 609
698, 880
529, 764
311, 54
444, 828
822, 474
919, 25
784, 598
355, 395
220, 366
383, 97
564, 248
622, 137
370, 59
955, 412
579, 821
592, 652
480, 95
346, 950
707, 351
51, 695
63, 132
888, 184
215, 336
576, 796
543, 917
600, 222
748, 443
70, 308
251, 798
656, 109
839, 606
849, 124
434, 331
479, 518
911, 51
176, 257
168, 305
586, 522
928, 507
932, 616
451, 102
603, 295
729, 276
510, 225
987, 528
680, 242
576, 612
937, 890
853, 212
521, 77
393, 535
322, 102
93, 693
435, 488
20, 615
441, 410
522, 451
129, 911
53, 959
849, 913
48, 209
381, 28
247, 821
60, 708
374, 693
534, 510
837, 49
889, 651
187, 787
34, 536
909, 773
381, 834
930, 362
76, 841
591, 34
669, 636
779, 159
873, 254
839, 529
149, 332
826, 839
173, 371
497, 340
178, 168
127, 108
974, 715
93, 507
419, 864
785, 718
92, 631
432, 684
505, 853
310, 319
172, 765
561, 423
194, 66
612, 590
764, 94
572, 753
344, 529
692, 418
623, 646
765, 412
622, 422
280, 517
169, 347
109, 678
847, 627
445, 860
809, 894
920, 92
472, 992
323, 688
890, 333
327, 788
140, 911
166, 992
743, 712
311, 613
808, 548
748, 367
247, 708
459, 739
79, 310
991, 60
649, 855
129, 217
449, 634
61, 900
260, 294
662, 748
694, 282
754, 872
461, 257
816, 647
859, 260
178, 455
897, 407
254, 367
426, 662
280, 271
650, 485
199, 380
660, 0
361, 471
336, 844
445, 621
459, 849
309, 757
314, 136
985, 464
284, 385
956, 571
575, 780
819, 162
942, 783
726, 321
115, 935
541, 621
142, 982
838, 563
248, 279
747, 8
568, 780
682, 45
956, 36
248, 929
571, 115
408, 957
410, 921
620, 864
246, 124
986, 672
863, 965
445, 514
705, 486
584, 997
622, 753
719, 62
615, 819
129, 470
251, 802
636, 555
593, 142
251, 920
485, 116
2, 819
163, 437
759, 861
513, 175
219, 83
769, 528
707, 350
43, 595
412, 979
923, 913
116, 454
838, 39
363, 646
44, 68
56, 390
871, 845
365, 24
708, 916
621, 511
928, 43
788, 83
31, 994
519, 994
456, 838
765, 553
130, 620
923, 645
293, 748
721, 299
863, 442
986, 703
228, 383
495, 137
691, 473
448, 429
470, 890
574, 441
399, 906
786, 517
323, 134
448, 794
877, 605
811, 599
16, 628
367, 823
563, 849
180, 317
848, 852
679, 580
380, 766
635, 6
886, 582
235, 569
477, 792
786, 822
27, 302
869, 486
597, 491
120, 743
408, 343
23, 929
364, 71
373, 572
909, 611
595, 838
748, 376
956, 552
639, 855
78, 322
577, 383
327, 474
408, 888
632, 683
544, 75
624, 205
40, 677
715, 24
118, 677
16, 200
796, 363
718, 457
306, 332
295, 731
148, 244
12, 686
870, 776
212, 995
136, 62
416, 931
825, 897
252, 530
252, 878
576, 589
577, 629
737, 304
58, 279
665, 381
717, 907
719, 786
808, 91
435, 627
434, 477
484, 931
403, 697
200, 677
907, 457
583, 728
606, 984
121, 159
710, 558
822, 105
459, 888
507, 958
551, 456
817, 26
452, 828
690, 222
365, 804
997, 906
951, 98
496, 802
464, 358
213, 325
126, 986
610, 317
812, 114
236, 586
771, 757
290, 818
310, 941
944, 565
509, 220
741, 692
918, 56
779, 131
916, 121
380, 892
202, 59
166, 243
102, 497
415, 22
306, 18
472, 260
123, 357
494, 443
72, 312
314, 896
609, 187
132, 777
580, 766
654, 124
848, 788
98, 892
683, 537
869, 446
408, 41
354, 184
506, 426
353, 264
606, 989
951, 737
477, 387
55, 212
552, 737
381, 447
52, 465
565, 515
917, 209
730, 221
523, 279
89, 870
110, 133
538, 60
124, 578
414, 149
963, 634
191, 371
973, 304
431, 599
319, 687
741, 627
36, 628
458, 19
317, 888
484, 706
551, 195
314, 797
102, 51
370, 972
404, 60
297, 564
8, 109
30, 103
380, 694
322, 369
996, 720
295, 70
672, 865
19, 40
169, 176
304, 329
685, 567
229, 615
234, 598
232, 701
311, 79
439, 105
632, 123
611, 41
564, 175
800, 850
671, 341
908, 642
935, 674
401, 782
870, 970
75, 839
28, 603
580, 541
575, 722
637, 475
614, 969
169, 909
966, 533
389, 298
800, 998
187, 359
286, 228
975, 986
20, 995
65, 96
169, 427
722, 259
191, 457
525, 11
537, 78
66, 77
518, 530
102, 314
736, 168
735, 4
852, 102
787, 1
490, 350
703, 989
533, 96
341, 268
588, 918
176, 187
268, 68
128, 587
166, 701
220, 219
567, 419
421, 539
605, 432
396, 908
633, 813
388, 372
635, 30
165, 401
427, 431
446, 881
227, 375
877, 43
483, 30
878, 73
403, 504
380, 146
287, 851
424, 411
577, 766
923, 224
422, 94
783, 258
823, 545
980, 445
873, 144
899, 140
505, 819
267, 913
423, 418
508, 664
685, 643
692, 369
284, 74
390, 8
858, 311
160, 133
170, 617
719, 29
788, 451
111, 46
326, 235
811, 473
0, 285
231, 148
58, 978
573, 920
991, 40
958, 628
958, 375
114, 488
616, 461
341, 352
607, 118
214, 559
553, 71
757, 271
617, 251
556, 2
727, 386
25, 371
866, 645
198, 83
115, 305
688, 432
495, 539
518, 332
360, 784
500, 219
720, 122
811, 630
75, 682
397, 37
746, 617
43, 399
493, 832
735, 797
291, 121
699, 854
715, 16
444, 719
297, 460
247, 724
386, 357
594, 808
253, 265
540, 11
73, 149
57, 655
907, 951
82, 283
105, 154
312, 186
888, 92
626, 491
811, 70
224, 731
161, 375
614, 774
748, 480
65, 945
958, 833
329, 339
569, 860
406, 894
467, 403
503, 602
705, 261
78, 261
646, 214
424, 618
988, 518
832, 291
41, 981
517, 532
629, 265
354, 514
811, 1
141, 17
511, 674
185, 411
861, 671
706, 587
850, 809
445, 23
63, 639
579, 216
780, 7
513, 238
320, 703
323, 273
504, 872
197, 549
936, 840
808, 847
141, 652
103, 641
578, 442
81, 971
569, 630
314, 435
349, 104
318, 285
520, 54
54, 461
376, 612
883, 984
970, 247
877, 134
475, 262
71, 881
716, 862
864, 771
423, 761
411, 803
870, 238
238, 625
643, 606
12, 739
712, 186
904, 174
533, 925
447, 903
970, 694
329, 882
475, 83
381, 853
89, 432
642, 743
517, 528
73, 785
770, 643
856, 250
103, 83
254, 772
836, 750
45, 404
406, 699
740, 986
276, 568
57, 50
818, 720
820, 483
949, 286
533, 243
700, 402
649, 315
954, 782
965, 80
921, 562
410, 9
121, 774
631, 215
249, 18
206, 87
958, 36
958, 41
669, 202
538, 643
920, 535
796, 947
422, 825
500, 460
805, 297
781, 503
76, 71
381, 143
733, 786
393, 35
40, 748
477, 816
603, 803
345, 693
238, 151
645, 243
853, 436
331, 48
455, 477
606, 324
683, 590
23, 251
543, 18
306, 298
401, 838
493, 301
280, 912
688, 202
97, 757
481, 658
288, 548
371, 721
513, 185
355, 122
215, 586
276, 427
793, 965
971, 197
269, 832
904, 25
193, 735
803, 712
258, 187
464, 532
848, 864
124, 893
951, 536
104, 602
999, 129
565, 635
377, 612
2, 262
67, 488
843, 471
78, 39
411, 731
160, 153
162, 452
709, 240
983, 120
577, 514
94, 110
299, 583
58, 156
956, 262
571, 368
602, 865
748, 911
553, 291
837, 421
995, 535
555, 592
273, 50
308, 62
255, 648
390, 658
540, 647
785, 866
528, 577
893, 689
50, 402
572, 580
499, 995
669, 701
184, 305
791, 52
753, 396
272, 843
64, 384
747, 532
248, 850
139, 224
540, 668
925, 803
419, 301
308, 126
26, 180
870, 442
118, 296
130, 255
66, 744
67, 325
58, 918
223, 123
264, 71
61, 997
981, 417
122, 684
927, 16
42, 275
876, 148
781, 675
917, 767
460, 828
622, 59
686, 678
688, 108
8, 831
332, 202
17, 769
60, 841
257, 799
926, 53
203, 512
839, 648
836, 391
813, 944
757, 481
605, 556
595, 910
483, 192
768, 907
158, 397
724, 431
856, 503
673, 249
813, 614
296, 613
405, 714
62, 966
781, 150
267, 760
799, 21
924, 93
301, 869
266, 262
345, 654
429, 219
378, 334
256, 432
955, 96
943, 504
545, 30
736, 691
589, 182
532, 867
988, 600
632, 409
877, 8
433, 105
523, 455
236, 824
507, 871
462, 435
207, 974
223, 756
385, 204
581, 666
467, 391
724, 353
628, 311
49, 540
598, 773
720, 506
503, 653
134, 51
649, 772
721, 627
825, 53
827, 934
996, 387
985, 624
1, 336
758, 559
256, 958
146, 675
569, 836
361, 395
897, 742
12, 637
679, 61
293, 245
268, 44
435, 97
565, 860
694, 95
429, 193
247, 871
661, 126
235, 553
975, 789
689, 982
806, 763
183, 984
469, 544
771, 431
880, 22
841, 123
910, 414
33, 972
26, 931
374, 9
159, 13
232, 295
903, 863
677, 478
217, 650
556, 822
105, 519
389, 944
777, 253
556, 49
750, 574
355, 184
170, 654
176, 631
98, 579
868, 242
661, 487
356, 983
121, 300
259, 573
298, 938
271, 745
154, 373
528, 948
751, 489
25, 924
936, 791
117, 121
251, 950
973, 882
818, 856
467, 146
340, 953
902, 866
891, 413
192, 714
472, 329
938, 459
152, 502
922, 382
870, 908
262, 309
516, 913
49, 715
615, 248
448, 56
243, 799
558, 953
466, 463
853, 817
240, 583
105, 663
360, 231
329, 625
90, 310
389, 911
488, 109
555, 1
512, 491
242, 85
880, 881
950, 384
535, 73
578, 364
324, 903
215, 815
202, 906
378, 476
522, 881
611, 167
331, 657
236, 39
405, 983
295, 609
716, 464
657, 865
964, 522
894, 846
337, 436
412, 980
635, 215
818, 383
534, 967
886, 993
838, 892
387, 373
456, 341
517, 175
874, 65
769, 137
306, 687
263, 388
123, 454
599, 973
56, 239
989, 814
487, 27
416, 657
553, 952
333, 637
216, 675
419, 50
891, 591
20, 70
219, 270
398, 668
519, 881
133, 224
166, 372
739, 279
347, 901
736, 234
582, 317
390, 669
389, 253
880, 986
558, 664
799, 786
227, 32
59, 38
329, 511
844, 197
269, 528
895, 756
151, 509
179, 457
54, 959
332, 102
247, 982
900, 209
627, 511
199, 554
45, 193
109, 374
517, 128
201, 864
797, 242
531, 641
611, 594
967, 897
15, 934
108, 536
968, 153
757, 979
94, 459
477, 170
438, 435
968, 928
571, 355
374, 668
152, 586
841, 645
443, 802
603, 356
246, 445
654, 34
307, 524
732, 711
918, 188
434, 888
458, 28
346, 7
381, 378
11, 149
59, 970
217, 710
252, 410
588, 86
776, 949
471, 311
478, 204
351, 389
894, 481
247, 737
250, 923
644, 489
45, 606
336, 672
929, 782
304, 138
892, 661
651, 436
322, 196
316, 300
124, 303
894, 631
201, 584
835, 653
91, 304
752, 6
468, 634
924, 501
509, 373
395, 110
761, 447
692, 784
972, 563
403, 444
331, 956
833, 913
833, 912
376, 25
358, 711
427, 57
463, 585
423, 153
931, 726
491, 273
311, 446
277, 855
998, 685
302, 718
449, 922
567, 536
943, 208
522, 394
478, 646
151, 423
279, 289
449, 368
223, 356
408, 679
773, 746
219, 233
644, 295
602, 796
248, 963
599, 382
430, 595
779, 644
633, 203
189, 911
573, 20
245, 941
688, 845
918, 523
111, 183
124, 576
624, 830
489, 705
191, 651
146, 361
247, 780
534, 64
454, 420
744, 633
876, 955
847, 286
345, 373
480, 851
694, 157
954, 913
44, 600
409, 539
87, 534
898, 298
523, 286
758, 422
242, 476
422, 263
784, 634
756, 786
75, 403
679, 599
900, 374
139, 892
711, 780
986, 483
988, 811
161, 318
358, 428
613, 530
275, 179
410, 889
157, 709
635, 579
388, 26
725, 671
421, 298
816, 27
236, 33
828, 977
755, 240
959, 809
825, 965
340, 341
345, 941
664, 569
608, 537
31, 89
425, 632
845, 680
816, 177
760, 787
714, 669
357, 867
956, 499
832, 25
993, 525
408, 609
743, 110
288, 656
567, 57
245, 984
424, 179
645, 53
707, 185
713, 527
626, 114
336, 434
793, 754
517, 476
236, 996
921, 751
258, 656
197, 767
136, 942
828, 689
397, 365
608, 300
656, 329
60, 933
645, 94
274, 626
378, 65
149, 79
787, 715
112, 290
142, 776
60, 908
501, 774
395, 22
876, 982
356, 270
0, 536
364, 264
663, 760
694, 886
374, 463
349, 104
411, 923
232, 747
548, 319
733, 897
833, 450
653, 981
542, 264
748, 161
828, 586
727, 529
93, 653
427, 743
326, 168
758, 217
233, 520
499, 354
82, 463
844, 260
156, 917
81, 532
84, 428
624, 795
733, 314
152, 868
356, 782
534, 124
761, 799
387, 837
244, 302
107, 476
388, 481
496, 491
104, 798
725, 23
603, 179
619, 367
357, 970
987, 61
783, 290
155, 276
433, 156
362, 179
299, 918
932, 938
332, 5
528, 845
908, 10
296, 381
587, 683
979, 45
713, 237
168, 162
627, 571
9, 757
488, 40
839, 253
991, 73
319, 524
601, 881
303, 832
137, 457
763, 413
838, 658
596, 731
967, 643
589, 690
8, 101
899, 730
221, 183
157, 339
247, 243
510, 246
422, 247
101, 152
602, 328
234, 789
54, 437
905, 283
504, 78
665, 722
740, 78
835, 239
726, 329
648, 332
70, 874
235, 866
485, 700
277, 505
777, 769
459, 56
239, 371
465, 817
2, 568
259, 321
286, 739
508, 72
142, 902
895, 178
850, 478
565, 632
252, 60
870, 397
664, 334
94, 436
898, 934
331, 545
874, 298
420, 419
435, 347
889, 377
225, 321
247, 323
513, 222
717, 522
197, 946
994, 898
925, 914
314, 453
529, 649
101, 339
122, 962
319, 417
570, 211
129, 850
406, 738
140, 774
100, 130
563, 931
558, 379
412, 598
571, 937
286, 996
741, 571
602, 705
166, 52
302, 838
42, 774
709, 886
433, 442
625, 53
410, 237
91, 655
342, 913
497, 87
544, 729
647, 582
58, 690
341, 586
322, 135
931, 414
249, 980
132, 406
421, 472
227, 573
130, 838
349, 432
980, 574
232, 606
336, 129
611, 537
658, 926
235, 967
513, 964
645, 701
803, 512
61, 569
352, 833
495, 385
41, 482
254, 593
476, 851
945, 168
542, 374
159, 368
183, 973
595, 915
579, 544
710, 385
721, 57
741, 518
525, 657
386, 281
179, 625
420, 751
241, 134
144, 156
932, 746
722, 366
989, 774
226, 342
994, 964
300, 821
904, 141
875, 990
64, 966
893, 63
811, 646
768, 804
273, 963
244, 955
622, 173
599, 1
254, 479
935, 432
585, 575
645, 882
721, 892
700, 111
829, 305
613, 205
904, 690
800, 643
108, 416
374, 369
209, 880
739, 318
891, 825
23, 405
694, 528
902, 723
262, 90
439, 985
825, 101
654, 60
121, 499
80, 575
541, 928
11, 85
456, 557
968, 868
60, 756
908, 780
363, 903
213, 791
403, 302
62, 175
135, 72
786, 750
148, 567
302, 696
690, 41
817, 92
51, 284
666, 343
303, 559
532, 223
856, 460
75, 634
882, 511
25, 292
563, 675
162, 208
811, 440
434, 904
802, 443
12, 465
919, 656
13, 160
342, 913
456, 490
553, 212
942, 608
292, 219
948, 445
462, 826
469, 180
87, 383
557, 894
925, 460
418, 971
68, 554
597, 198
282, 484
699, 44
919, 523
438, 844
1, 900
621, 741
550, 369
315, 826
389, 549
49, 487
442, 940
9, 232
361, 97
805, 828
520, 332
485, 697
638, 834
322, 32
225, 698
242, 797
612, 238
781, 669
283, 48
974, 94
938, 879
990, 907
460, 776
1, 405
670, 84
473, 514
713, 140
231, 475
498, 770
11, 157
27, 398
104, 637
267, 79
224, 19
946, 107
155, 336
810, 758
477, 48
762, 324
761, 553
828, 835
943, 714
185, 108
183, 39
162, 21
369, 551
961, 546
215, 857
671, 930
239, 605
92, 163
565, 118
716, 536
863, 866
46, 714
30, 208
626, 352
764, 128
374, 735
507, 290
51, 405
767, 847
741, 157
758, 742
921, 563
523, 811
399, 980
984, 986
603, 869
980, 30
791, 239
954, 898
386, 641
703, 841
749, 204
891, 64
703, 201
639, 290
843, 621
979, 261
657, 598
864, 704
276, 552
326, 78
651, 244
414, 127
973, 338
467, 304
350, 444
581, 380
77, 755
493, 727
770, 216
457, 26
144, 614
69, 531
467, 403
403, 647
862, 125
274, 255
998, 237
551, 366
849, 708
810, 350
723, 591
818, 259
955, 849
155, 724
638, 438
144, 538
400, 311
330, 903
231, 561
75, 10
255, 721
198, 341
821, 274
903, 35
694, 265
512, 667
166, 98
96, 816
253, 942
213, 830
58, 881
725, 90
126, 221
640, 59
315, 351
334, 105
884, 121
329, 350
654, 289
917, 188
986, 486
580, 662
858, 277
786, 549
476, 714
689, 998
834, 415
494, 393
546, 462
508, 875
384, 118
88, 336
246, 761
375, 532
732, 302
717, 811
199, 682
959, 471
475, 339
284, 356
480, 245
716, 136
631, 249
453, 573
849, 693
16, 78
565, 961
511, 292
345, 642
416, 34
221, 522
292, 251
39, 328
312, 481
83, 481
273, 402
563, 1000
44, 353
888, 848
783, 738
491, 441
158, 366
92, 280
514, 460
83, 877
663, 977
630, 517
361, 364
341, 798
262, 950
354, 108
877, 832
425, 475
696, 643
534, 694
469, 513
160, 376
194, 55
199, 275
521, 440
845, 425
332, 911
661, 217
735, 174
828, 701
737, 295
939, 291
126, 196
857, 361
433, 94
359, 16
758, 964
778, 397
362, 125
349, 316
190, 123
518, 775
91, 304
182, 290
169, 646
624, 326
473, 461
22, 900
484, 577
228, 741
293, 863
877, 401
753, 888
457, 507
462, 292
882, 766
6, 364
951, 12
160, 829
42, 78
380, 646
980, 334
25, 31
853, 233
831, 265
143, 192
945, 948
864, 596
473, 360
248, 408
115, 869
991, 552
250, 754
905, 371
150, 667
780, 191
313, 626
510, 281
854, 740
812, 142
652, 939
287, 122
220, 700
631, 154
817, 812
578, 768
125, 876
532, 976
429, 961
319, 248
393, 493
886, 495
780, 900
574, 771
875, 902
648, 81
2, 885
287, 774
242, 946
852, 361
352, 862
96, 791
975, 780
503, 412
105, 202
160, 206
902, 90
306, 593
984, 809
612, 493
559, 418
93, 253
36, 215
185, 494
947, 100
501, 725
235, 246
400, 259
300, 511
914, 527
283, 181
49, 842
29, 74
199, 968
323, 488
140, 811
269, 56
778, 373
720, 88
123, 75
199, 394
226, 839
77, 383
153, 392
811, 253
359, 169
315, 455
851, 845
577, 128
96, 726
166, 17
4, 471
870, 372
229, 646
112, 46
23, 587
67, 499
635, 447
220, 177
330, 36
862, 264
112, 519
348, 580
131, 361
551, 483
749, 440
30, 258
958, 391
104, 888
964, 73
392, 381
758, 694
192, 285
709, 788
79, 747
328, 329
555, 4
855, 656
578, 134
63, 492
29, 54
603, 934
547, 71
453, 770
278, 997
889, 934
290, 835
523, 653
645, 684
853, 348
179, 143
655, 141
970, 555
980, 838
233, 578
366, 474
476, 339
366, 729
829, 429
153, 16
1, 146
980, 731
154, 785
939, 579
735, 306
176, 499
886, 281
974, 473
654, 657
820, 691
235, 73
156, 275
577, 998
11, 380
456, 72
781, 172
200, 568
975, 820
615, 23
854, 275
172, 856
36, 336
863, 435
346, 429
852, 448
862, 776
833, 478
872, 553
841, 269
737, 735
814, 169
576, 857
445, 88
360, 878
787, 516
523, 108
865, 472
343, 670
488, 652
556, 157
659, 824
45, 840
107, 726
730, 868
584, 603
517, 187
698, 91
958, 570
456, 833
210, 854
787, 890
978, 830
339, 563
692, 421
337, 533
446, 383
516, 610
312, 231
790, 458
808, 230
744, 338
626, 592
32, 106
858, 76
776, 297
451, 394
245, 117
167, 768
121, 892
940, 168
296, 323
595, 556
939, 695
163, 170
70, 695
322, 211
361, 890
541, 841
181, 671
560, 107
908, 585
211, 557
153, 38
0, 127
279, 888
464, 624
952, 357
640, 639
348, 631
131, 256
840, 761
299, 198
827, 939
974, 889
962, 693
273, 358
972, 654
779, 791
689, 761
482, 513
970, 800
896, 996
168, 540
274, 916
801, 502
612, 132
683, 91
817, 844
973, 845
370, 550
464, 409
247, 965
441, 905
324, 683
883, 459
306, 822
670, 783
94, 697
401, 8
265, 543
417, 972
763, 830
315, 886
646, 384
81, 995
718, 857
545, 978
663, 366
670, 866
336, 208
232, 45
96, 159
683, 805
808, 597
696, 84
23, 316
81, 628
726, 167
544, 801
178, 9
204, 263
626, 338
1000, 549
831, 817
636, 464
94, 923
486, 649
433, 672
534, 304
680, 69
479, 817
860, 515
173, 778
115, 587
775, 444
55, 719
226, 681
547, 296
281, 461
228, 541
855, 591
253, 220
27, 174
921, 85
946, 510
278, 858
440, 804
491, 909
655, 496
652, 396
217, 279
654, 189
949, 568
53, 888
688, 470
26, 710
532, 933
355, 310
758, 401
887, 927
58, 197
370, 336
535, 126
327, 977
748, 901
548, 286
127, 605
922, 850
725, 135
780, 674
775, 678
588, 472
886, 106
120, 302
438, 177
955, 91
72, 271
424, 631
489, 996
306, 613
598, 468
349, 783
996, 765
526, 159
630, 769
266, 576
448, 8
14, 791
696, 762
416, 154
62, 665
198, 673
62, 605
91, 228
455, 457
921, 591
303, 324
215, 242
368, 152
320, 205
460, 18
554, 466
733, 789
777, 298
893, 414
358, 533
838, 863
112, 813
676, 293
410, 225
4, 624
650, 264
855, 101
127, 408
805, 959
300, 200
569, 608
99, 623
274, 827
485, 165
979, 679
545, 966
63, 166
879, 562
976, 271
997, 73
593, 117
363, 841
570, 993
479, 581
441, 584
604, 713
181, 957
854, 769
814, 82
122, 421
173, 407
208, 520
427, 130
196, 428
45, 272
763, 150
781, 416
123, 641
963, 430
3, 20
571, 406
76, 76
466, 637
351, 602
880, 731
304, 252
2, 278
443, 98
508, 708
798, 90
510, 429
467, 826
949, 507
641, 493
142, 58
363, 732
531, 702
986, 301
263, 894
311, 376
892, 448
779, 521
635, 429
289, 60
427, 310
277, 773
242, 800
481, 980
375, 133
317, 343
824, 593
452, 153
898, 903
339, 543
259, 495
183, 866
578, 262
683, 654
658, 771
121, 591
202, 219
895, 275
329, 368
924, 753
720, 198
324, 937
855, 172
306, 266
802, 81
902, 737
910, 900
308, 786
300, 667
793, 879
953, 609
34, 79
826, 445
851, 750
335, 199
559, 162
762, 61
620, 650
675, 494
817, 982
582, 824
430, 610
38, 384
77, 204
779, 354
192, 841
916, 48
170, 183
861, 573
813, 7
853, 215
917, 82
89, 667
491, 252
719, 999
953, 123
75, 169
678, 67
126, 531
254, 730
34, 980
260, 862
282, 216
699, 210
195, 103
278, 694
174, 925
685, 98
302, 749
169, 261
673, 961
161, 228
143, 332
10, 767
415, 813
690, 665
514, 85
671, 770
693, 54
845, 264
673, 891
759, 110
553, 125
872, 344
287, 737
345, 785
251, 26
376, 28
240, 706
739, 315
824, 763
7, 270
544, 333
277, 890
833, 69
355, 8
64, 638
100, 780
897, 405
167, 885
568, 446
337, 531
732, 656
645, 485
937, 539
489, 847
7, 923
379, 967
490, 254
327, 321
602, 668
401, 208
250, 404
73, 146
102, 585
387, 225
336, 335
673, 571
672, 571
198, 753
343, 997
901, 891
413, 499
126, 306
832, 206
126, 870
77, 335
497, 217
826, 283
366, 561
463, 586
490, 990
205, 40
592, 862
91, 569
727, 970
59, 901
273, 258
887, 223
443, 470
997, 340
453, 247
173, 740
500, 473
457, 334
842, 223
223, 874
460, 622
390, 467
88, 613
481, 484
230, 716
274, 794
102, 468
839, 596
169, 349
893, 376
971, 738
18, 440
293, 416
46, 683
408, 652
816, 676
829, 560
647, 268
963, 680
712, 701
721, 620
247, 615
828, 880
14, 727
132, 47
645, 814
20, 548
70, 742
47, 56
911, 666
491, 538
642, 682
753, 325
116, 456
651, 929
119, 719
435, 250
271, 953
245, 699
347, 602
64, 899
620, 631
128, 272
517, 991
411, 173
786, 342
131, 751
819, 946
324, 13
387, 67
254, 46
150, 809
706, 477
391, 594
159, 705
377, 737
342, 314
760, 559
125, 351
252, 908
760, 229
383, 3
881, 569
544, 214
557, 864
644, 656
819, 265
381, 275
874, 308
987, 679
296, 164
153, 257
237, 504
658, 112
370, 845
210, 517
216, 847
907, 293
194, 718
202, 917
455, 407
216, 182
618, 457
112, 568
553, 629
630, 588
895, 135
458, 783
291, 786
62, 451
738, 695
636, 796
960, 941
533, 449
381, 958
146, 444
298, 527
865, 950
751, 902
88, 601
214, 862
536, 653
326, 825
432, 874
709, 732
308, 461
286, 829
484, 463
592, 633
805, 775
360, 294
987, 306
985, 607
352, 370
516, 847
304, 441
476, 293
927, 547
698, 317
767, 984
292, 948
888, 346
657, 627
561, 271
472, 690
433, 614
777, 87
715, 818
103, 520
643, 686
385, 384
514, 176
784, 478
443, 323
61, 593
697, 209
443, 51
13, 162
497, 418
454, 797
723, 486
821, 292
661, 18
51, 18
443, 856
614, 720
674, 530
416, 893
534, 848
508, 732
80, 786
211, 912
440, 262
912, 264
34, 119
172, 387
380, 958
417, 329
74, 393
171, 638
920, 437
937, 360
381, 27
78, 402
308, 758
352, 57
938, 646
595, 639
373, 885
76, 712
74, 663
571, 413
677, 838
620, 918
389, 495
649, 414
225, 220
115, 123
98, 182
232, 34
366, 725
453, 668
180, 686
763, 217
222, 779
978, 244
307, 176
23, 555
850, 705
153, 268
507, 317
812, 634
876, 926
12, 733
307, 427
249, 616
437, 652
554, 988
496, 12
519, 676
723, 382
453, 14
499, 131
909, 778
859, 726
798, 637
354, 266
178, 927
138, 654
692, 1
189, 726
300, 507
959, 7
806, 726
50, 176
443, 227
271, 467
694, 385
95, 903
517, 660
584, 593
743, 349
259, 654
913, 42
763, 864
311, 487
483, 275
266, 769
921, 572
230, 29
992, 247
533, 136
882, 840
110, 596
48, 809
782, 882
645, 835
761, 276
16, 583
393, 818
41, 484
195, 440
645, 600
887, 463
234, 703
294, 523
945, 537
983, 384
330, 866
555, 233
904, 37
188, 263
936, 448
474, 476
734, 627
742, 134
900, 365
122, 744
414, 634
323, 683
920, 923
882, 623
647, 604
149, 855
876, 57
780, 423
811, 877
948, 583
642, 14
826, 207
583, 179
636, 403
440, 964
783, 741
581, 231
615, 278
988, 526
59, 570
108, 583
846, 613
84, 333
83, 798
684, 290
372, 842
426, 942
117, 683
211, 656
441, 51
534, 379
498, 202
433, 605
666, 47
698, 553
928, 585
392, 232
895, 272
819, 865
586, 231
865, 170
464, 106
972, 792
902, 920
734, 958
735, 110
352, 835
341, 494
399, 845
443, 812
735, 13
367, 399
978, 924
0, 667
923, 498
156, 26
676, 675
177, 286
389, 916
218, 694
531, 883
122, 720
538, 396
31, 64
747, 871
493, 505
85, 825
133, 11
851, 480
794, 869
817, 71
818, 589
57, 622
579, 795
51, 304
770, 689
320, 821
411, 991
410, 820
369, 243
867, 660
469, 515
562, 452
598, 306
483, 28
243, 914
395, 195
184, 869
424, 892
427, 409
88, 272
838, 928
458, 722
960, 147
553, 222
251, 115
771, 575
523, 403
745, 755
294, 267
225, 159
276, 881
743, 597
472, 783
574, 159
29, 832
958, 444
98, 623
106, 542
125, 732
639, 730
219, 593
382, 325
604, 794
272, 653
207, 780
331, 426
990, 644
750, 272
454, 911
846, 394
178, 498
342, 266
815, 179
685, 419
815, 905
439, 678
823, 26
17, 581
259, 534
13, 453
585, 195
292, 518
124, 846
118, 990
656, 154
717, 717
801, 159
707, 804
297, 505
145, 410
1, 197
521, 988
404, 251
5, 129
629, 1
653, 521
935, 508
682, 311
912, 31
157, 698
478, 927
981, 78
536, 244
515, 470
872, 262
449, 85
213, 969
321, 285
676, 676
961, 35
437, 419
264, 8
380, 546
665, 1000
656, 798
916, 143
152, 321
192, 680
645, 993
299, 600
324, 572
170, 477
161, 129
333, 515
490, 783
465, 67
769, 291
468, 437
53, 49
457, 35
534, 504
234, 323
790, 508
268, 764
768, 459
233, 744
706, 248
775, 361
627, 567
923, 512
224, 479
813, 475
239, 580
726, 809
627, 862
593, 549
540, 764
772, 957
531, 856
189, 44
726, 287
850, 880
306, 299
690, 420
385, 262
800, 473
839, 964
854, 514
817, 403
557, 237
651, 197
94, 49
131, 903
638, 602
204, 442
883, 931
118, 943
745, 959
75, 894
362, 920
656, 734
503, 642
201, 156
631, 545
746, 9
953, 591
290, 586
387, 825
763, 289
41, 111
495, 443
32, 175
869, 761
782, 724
838, 228
525, 487
363, 963
86, 473
75, 939
381, 147
577, 628
451, 948
925, 141
191, 591
952, 902
65, 890
218, 662
994, 952
548, 136
850, 913
217, 165
432, 257
531, 202
677, 527
885, 553
443, 976
144, 868
220, 111
919, 808
205, 252
957, 0
275, 708
115, 727
522, 599
44, 741
856, 359
1, 47
801, 318
699, 51
824, 909
930, 19
371, 168
31, 753
77, 476
649, 490
897, 681
578, 372
836, 267
669, 611
889, 65
359, 178
366, 917
402, 102
624, 481
553, 855
682, 945
333, 592
363, 128
571, 369
58, 136
737, 200
99, 291
272, 562
881, 575
227, 914
127, 316
72, 340
368, 497
223, 506
68, 7
493, 722
977, 781
128, 935
732, 827
186, 434
445, 535
730, 444
860, 73
55, 636
7, 466
306, 457
922, 741
619, 796
350, 284
33, 836
446, 871
486, 426
867, 64
845, 577
519, 789
688, 896
376, 456
352, 455
690, 335
535, 786
249, 428
681, 895
564, 140
167, 363
789, 886
320, 469
56, 614
202, 500
944, 967
128, 664
335, 101
500, 364
149, 468
101, 334
102, 485
871, 36
267, 528
275, 133
121, 543
873, 436
814, 994
190, 226
688, 357
966, 537
829, 43
891, 873
245, 650
405, 978
584, 903
792, 701
594, 984
968, 682
422, 825
826, 868
142, 254
502, 138
611, 336
705, 600
329, 70
613, 492
21, 13
877, 321
804, 208
906, 302
169, 14
390, 148
213, 245
876, 587
290, 308
598, 752
265, 864
511, 718
134, 768
159, 758
519, 74
62, 66
51, 488
973, 206
42, 614
259, 60
849, 340
544, 941
770, 510
935, 228
769, 228
636, 840
15, 55
813, 18
798, 746
948, 649
647, 402
602, 98
214, 852
969, 646
113, 264
337, 648
896, 438
254, 280
709, 313
335, 417
12, 242
475, 636
2, 792
870, 339
499, 1000
144, 232
585, 28
899, 386
36, 405
422, 853
71, 609
96, 64
4, 429
278, 383
721, 939
735, 585
839, 257
843, 954
495, 720
140, 900
299, 990
869, 227
276, 723
290, 347
836, 151
731, 747
351, 479
542, 489
379, 104
396, 343
214, 375
912, 424
229, 583
319, 169
451, 665
693, 193
440, 27
588, 145
630, 270
543, 945
540, 244
663, 899
596, 703
748, 955
288, 329
302, 777
130, 949
334, 692
475, 922
269, 606
392, 573
971, 831
848, 338
902, 466
721, 360
152, 221
26, 993
741, 893
527, 262
850, 384
712, 506
908, 21
394, 249
834, 765
88, 75
903, 976
24, 440
463, 740
739, 133
500, 76
83, 611
106, 887
997, 774
293, 62
339, 119
368, 276
809, 400
860, 936
132, 611
592, 365
780, 791
608, 655
636, 559
809, 621
985, 513
252, 539
775, 825
47, 631
276, 267
267, 337
339, 421
789, 544
377, 149
65, 722
27, 808
624, 817
786, 871
837, 269
675, 416
48, 123
418, 68
603, 799
811, 529
537, 942
820, 146
214, 760
519, 979
452, 229
423, 712
319, 888
786, 385
33, 685
774, 51
984, 50
863, 150
488, 121
764, 630
193, 716
211, 948
642, 590
320, 600
126, 927
187, 199
34, 806
93, 621
156, 637
867, 61
586, 744
639, 229
220, 676
914, 859
319, 197
611, 600
283, 396
722, 864
508, 865
943, 451
366, 745
990, 654
189, 999
611, 481
441, 354
630, 587
876, 751
194, 74
634, 219
981, 112
219, 105
581, 724
510, 27
265, 836
981, 330
348, 658
793, 597
976, 673
998, 355
887, 945
144, 843
978, 854
544, 216
727, 115
423, 807
690, 465
498, 424
606, 839
406, 315
588, 248
218, 526
734, 859
184, 251
471, 63
698, 366
135, 372
487, 233
222, 924
656, 456
785, 485
27, 26
322, 308
472, 574
758, 762
498, 880
810, 746
724, 126
626, 381
462, 123
125, 593
27, 695
81, 584
623, 123
222, 203
612, 510
915, 929
843, 229
506, 382
117, 843
91, 613
216, 872
695, 642
435, 927
185, 309
894, 966
804, 616
389, 415
958, 803
786, 361
904, 84
40, 563
340, 609
238, 971
975, 864
134, 29
588, 106
977, 396
626, 59
586, 269
230, 373
699, 508
680, 673
715, 570
209, 425
739, 473
244, 82
279, 407
228, 810
993, 608
712, 643
32, 419
616, 342
464, 816
841, 229
635, 80
784, 36
618, 634
320, 980
467, 272
684, 663
603, 347
41, 152
337, 293
239, 173
95, 27
313, 463
100, 221
739, 117
236, 344
174, 952
556, 860
773, 803
62, 311
214, 654
74, 41
696, 140
487, 108
641, 169
956, 612
849, 6
349, 6
439, 453
573, 214
400, 900
45, 176
914, 694
948, 786
801, 561
934, 747
382, 479
779, 495
617, 837
900, 670
881, 240
595, 416
312, 383
244, 431
466, 186
414, 970
782, 199
411, 493
372, 857
661, 968
31, 157
276, 719
195, 324
633, 130
664, 507
288, 112
463, 745
451, 7
370, 318
422, 73
779, 624
176, 794
918, 218
326, 828
535, 547
869, 946
314, 558
510, 616
977, 920
359, 711
101, 525
325, 19
456, 453
439, 489
693, 409
933, 590
988, 841
714, 168
398, 752
502, 83
783, 853
229, 970
589, 394
391, 663
209, 596
86, 224
119, 857
972, 80
944, 70
781, 673
42, 911
111, 592
354, 240
75, 848
570, 843
681, 624
419, 176
694, 956
541, 250
603, 386
117, 899
608, 106
394, 311
910, 923
650, 728
316, 737
392, 160
865, 215
882, 477
451, 590
246, 717
301, 233
194, 231
788, 574
384, 266
71, 234
458, 625
758, 220
151, 422
849, 357
258, 869
288, 462
853, 325
759, 212
778, 496
141, 227
689, 28
551, 922
310, 404
863, 357
709, 901
812, 593
678, 751
359, 52
181, 176
464, 664
592, 151
53, 372
565, 539
196, 732
713, 377
421, 180
161, 563
734, 464
595, 380
917, 511
376, 655
773, 832
39, 258
347, 139
123, 900
117, 817
538, 495
507, 644
741, 7
731, 40
261, 27
122, 399
287, 404
934, 318
233, 617
240, 390
760, 817
951, 712
388, 307
842, 232
101, 176
54, 419
718, 415
155, 613
30, 892
955, 476
336, 436
758, 57
9, 178
135, 588
353, 125
379, 234
981, 25
629, 697
699, 951
432, 86
236, 813
211, 683
395, 155
374, 290
534, 789
780, 628
863, 480
681, 186
159, 301
599, 85
515, 57
822, 809
195, 282
503, 631
243, 241
907, 129
611, 67
673, 713
697, 783
584, 476
624, 292
557, 430
916, 785
25, 456
533, 714
432, 141
531, 304
189, 168
611, 908
2, 610
37, 282
745, 331
763, 718
956, 910
339, 742
173, 980
823, 639
134, 735
335, 19
185, 879
541, 614
256, 32
999, 846
317, 5
761, 268
4, 29
595, 960
30, 392
442, 718
560, 726
638, 611
130, 757
316, 576
614, 659
987, 288
338, 485
9, 686
973, 603
154, 230
481, 996
871, 254
568, 339
574, 506
792, 937
716, 93
243, 478
428, 902
537, 86
460, 703
837, 695
264, 4
23, 430
491, 120
387, 916
100, 340
560, 947
509, 440
924, 766
913, 491
117, 650
185, 396
249, 946
993, 963
929, 686
176, 328
707, 646
148, 900
455, 371
487, 710
383, 971
682, 496
452, 983
209, 408
739, 895
710, 802
249, 708
565, 800
36, 791
932, 272
405, 412
454, 246
508, 598
498, 632
862, 492
382, 468
619, 738
649, 685
458, 622
851, 204
332, 961
760, 883
531, 888
644, 787
901, 27
28, 326
623, 311
841, 118
546, 470
632, 507
61, 773
763, 135
15, 721
914, 817
435, 294
437, 776
335, 200
11, 831
647, 46
33, 229
756, 947
33, 142
75, 34
443, 939
506, 672
280, 322
586, 807
934, 210
766, 866
869, 606
7, 574
878, 416
215, 10
249, 567
36, 532
137, 266
719, 459
919, 595
116, 767
630, 121
453, 373
120, 798
973, 60
187, 764
408, 562
638, 841
692, 838
287, 327
567, 370
313, 517
850, 924
295, 923
636, 908
117, 265
106, 535
11, 310
820, 430
593, 510
890, 39
497, 494
135, 826
743, 101
23, 199
945, 415
468, 465
908, 47
81, 536
650, 189
265, 20
778, 735
258, 331
670, 170
371, 35
847, 894
1000, 797
71, 988
733, 632
528, 992
526, 93
113, 524
31, 930
214, 415
20, 806
305, 211
614, 124
704, 826
718, 522
397, 770
547, 637
42, 416
176, 938
960, 997
891, 81
417, 93
439, 7
278, 499
984, 51
480, 123
508, 368
288, 790
969, 132
120, 337
220, 251
599, 812
96, 250
908, 363
451, 865
689, 302
495, 461
153, 618
381, 704
776, 301
214, 547
671, 48
915, 944
879, 579
438, 276
581, 107
286, 84
24, 101
886, 762
977, 634
612, 766
602, 406
366, 947
746, 928
12, 18
850, 783
498, 967
84, 755
334, 428
596, 317
925, 739
154, 921
864, 740
348, 222
717, 302
137, 106
159, 535
849, 890
742, 827
614, 204
804, 358
469, 856
978, 38
869, 331
241, 154
709, 879
635, 755
740, 78
297, 903
501, 433
411, 469
458, 248
753, 204
908, 169
79, 27
290, 77
336, 798
269, 724
973, 485
607, 142
135, 19
796, 629
584, 414
205, 767
429, 702
359, 30
726, 916
647, 734
562, 910
239, 465
465, 929
999, 253
924, 493
450, 155
283, 118
475, 618
589, 599
826, 382
778, 763
431, 32
213, 567
128, 141
129, 778
510, 75
858, 611
772, 419
997, 160
338, 185
193, 966
778, 412
922, 86
394, 953
799, 728
992, 504
209, 970
987, 215
214, 193
206, 789
120, 922
232, 314
302, 135
532, 201
935, 501
462, 808
583, 399
184, 968
196, 483
556, 786
787, 509
470, 757
220, 351
854, 889
704, 604
76, 965
712, 482
434, 451
807, 992
769, 179
622, 784
724, 482
833, 849
743, 325
506, 687
734, 934
750, 756
500, 531
69, 936
48, 1
359, 290
355, 75
877, 855
36, 923
754, 16
115, 979
572, 849
925, 645
28, 839
266, 874
184, 666
671, 950
202, 869
988, 182
506, 734
659, 228
508, 196
989, 407
482, 654
262, 598
839, 655
612, 403
986, 678
75, 538
494, 881
701, 848
510, 101
731, 289
787, 379
383, 56
472, 561
434, 624
476, 54
611, 500
373, 292
928, 832
25, 118
506, 198
122, 40
944, 92
663, 81
745, 170
450, 165
318, 495
698, 677
298, 194
184, 882
537, 379
134, 961
835, 456
838, 732
395, 233
177, 931
381, 818
975, 802
99, 720
50, 137
234, 894
211, 521
660, 373
116, 512
582, 521
649, 273
446, 349
81, 457
380, 787
747, 254
732, 262
814, 453
52, 652
344, 312
507, 924
873, 401
169, 616
493, 679
867, 693
160, 93
467, 260
240, 987
907, 78
423, 78
137, 107
90, 726
964, 751
895, 835
952, 318
411, 175
371, 63
303, 493
171, 842
246, 180
421, 693
120, 930
486, 767
513, 579
650, 685
985, 741
411, 985
73, 365
878, 817
937, 943
413, 154
616, 308
610, 91
71, 746
559, 268
518, 807
596, 397
117, 158
151, 525
740, 658
537, 352
666, 700
974, 998
401, 856
60, 123
271, 509
810, 20
378, 973
868, 141
35, 598
566, 513
145, 763
62, 988
821, 661
893, 32
689, 253
924, 905
885, 589
74, 717
532, 190
217, 402
178, 728
530, 817
215, 316
667, 996
984, 751
73, 515
43, 817
991, 181
388, 162
718, 628
389, 688
839, 153
4, 752
197, 189
776, 623
109, 612
323, 885
150, 226
10, 913
771, 107
281, 723
839, 335
760, 48
642, 418
821, 572
374, 365
2, 56
109, 126
367, 364
460, 293
299, 882
454, 162
112, 384
242, 269
346, 594
905, 357
204, 766
723, 821
584, 593
425, 189
868, 948
992, 7
713, 523
107, 467
813, 294
323, 508
242, 968
843, 516
893, 49
499, 974
386, 204
508, 59
55, 738
473, 341
194, 623
719, 702
641, 757
583, 354
571, 832
931, 943
344, 949
203, 999
733, 882
57, 823
520, 258
814, 590
824, 493
211, 498
726, 873
633, 517
417, 378
171, 204
435, 377
867, 414
524, 950
680, 496
175, 447
45, 369
248, 352
953, 87
798, 367
812, 769
587, 865
344, 455
83, 777
585, 704
634, 707
704, 663
10, 748
687, 234
257, 535
299, 592
897, 118
677, 14
671, 832
790, 947
596, 503
998, 406
232, 6
381, 820
573, 341
472, 964
197, 966
657, 547
516, 888
518, 389
357, 612
67, 538
516, 237
277, 513
656, 177
131, 817
219, 861
460, 412
334, 325
719, 568
714, 551
785, 702
959, 145
945, 56
386, 815
361, 368
513, 725
521, 818
51, 307
513, 801
783, 29
80, 831
704, 76
927, 725
528, 568
947, 509
764, 437
227, 452
861, 448
561, 142
544, 513
217, 673
866, 286
650, 510
575, 214
23, 983
945, 894
929, 336
716, 832
11, 504
750, 439
259, 14
168, 564
631, 665
852, 789
347, 512
560, 483
34, 662
779, 1
684, 884
223, 15
395, 502
1, 456
995, 834
973, 13
227, 308
547, 377
665, 951
23, 825
189, 168
42, 109
196, 621
733, 190
533, 444
491, 144
892, 87
193, 866
677, 692
601, 573
452, 360
717, 883
195, 890
411, 148
97, 150
479, 725
988, 428
363, 732
321, 969
849, 663
121, 620
271, 148
117, 172
864, 472
40, 410
993, 996
752, 599
478, 560
209, 106
36, 593
88, 45
538, 762
333, 204
641, 383
56, 192
703, 386
194, 306
23, 144
500, 213
748, 501
404, 644
677, 348
301, 511
61, 677
392, 38
31, 472
498, 920
131, 75
652, 969
96, 60
44, 301
622, 474
682, 616
889, 167
183, 687
437, 307
797, 974
251, 531
201, 756
190, 780
958, 455
399, 784
826, 396
877, 734
194, 522
428, 433
653, 978
606, 177
704, 867
446, 24
563, 25
209, 208
176, 643
287, 240
626, 549
152, 297
758, 778
595, 988
462, 400
366, 99
169, 162
338, 408
633, 75
778, 95
596, 841
460, 366
917, 519
698, 445
944, 564
965, 774
294, 505
284, 354
200, 763
993, 939
974, 181
484, 428
756, 778
827, 219
591, 537
350, 216
683, 440
709, 78
550, 651
213, 450
596, 649
870, 990
943, 924
634, 290
713, 784
33, 41
593, 539
822, 405
696, 725
852, 81
165, 578
861, 275
600, 428
55, 619
145, 714
159, 22
960, 786
894, 906
123, 977
932, 645
472, 760
862, 221
357, 168
838, 154
691, 131
62, 981
419, 153
921, 733
646, 545
824, 484
345, 11
383, 981
465, 955
749, 756
683, 467
819, 266
680, 611
549, 630
819, 131
554, 560
326, 824
337, 636
239, 325
188, 966
448, 277
141, 870
78, 243
98, 64
386, 110
319, 72
121, 624
773, 339
924, 271
861, 204
624, 223
943, 995
636, 922
82, 400
967, 771
918, 39
991, 872
582, 440
436, 302
34, 493
648, 67
246, 197
54, 530
819, 749
980, 179
776, 664
68, 831
91, 296
460, 139
640, 957
130, 936
42, 374
245, 46
986, 391
891, 791
615, 102
165, 654
995, 918
753, 60
478, 26
568, 960
183, 337
421, 9
16, 830
224, 349
397, 0
916, 595
234, 454
478, 545
384, 314
93, 594
853, 308
872, 843
18, 894
636, 540
496, 454
59, 269
590, 669
193, 182
907, 553
518, 736
0, 455
577, 815
620, 728
378, 504
445, 775
465, 194
479, 372
678, 794
405, 373
598, 992
62, 321
59, 920
947, 623
729, 61
1000, 185
958, 592
232, 835
542, 515
399, 564
404, 740
133, 883
598, 736
343, 545
585, 664
233, 395
655, 67
547, 243
12, 942
534, 9
787, 822
183, 114
246, 23
356, 286
183, 84
190, 396
285, 797
774, 478
749, 573
717, 310
317, 963
377, 599
20, 541
864, 698
936, 432
650, 904
431, 539
854, 98
282, 108
928, 312
771, 463
372, 426
935, 344
122, 421
307, 827
309, 293
210, 728
715, 506
495, 15
834, 553
372, 680
408, 972
26, 955
56, 662
221, 145
593, 249
187, 34
454, 543
489, 101
764, 458
858, 352
878, 624
942, 776
911, 711
37, 420
778, 934
481, 855
437, 105
620, 242
963, 47
343, 659
564, 174
562, 280
937, 356
456, 135
730, 359
346, 886
952, 827
687, 70
767, 283
166, 718
891, 27
352, 72
498, 883
537, 379
590, 18
720, 781
720, 805
343, 57
504, 191
515, 865
771, 311
168, 320
442, 929
441, 821
782, 458
920, 456
921, 24
408, 439
868, 277
770, 746
711, 56
32, 183
289, 706
812, 336
616, 407
994, 90
925, 298
327, 121
411, 656
816, 518
942, 922
328, 106
329, 258
563, 279
628, 362
345, 530
284, 589
590, 581
688, 792
22, 290
328, 867
747, 72
946, 34
893, 71
778, 437
711, 12
667, 372
591, 753
951, 581
806, 109
936, 753
929, 673
381, 443
462, 159
935, 120
116, 20
17, 248
370, 491
134, 836
443, 94
320, 641
191, 355
772, 917
812, 784
213, 867
161, 538
844, 399
525, 739
471, 864
814, 710
205, 463
829, 198
193, 628
597, 590
81, 247
904, 971
399, 797
672, 4
101, 58
212, 867
115, 415
0, 577
495, 427
687, 54
957, 583
179, 453
481, 766
950, 544
223, 540
310, 918
310, 714
848, 462
631, 163
243, 552
895, 751
174, 250
309, 794
823, 531
363, 959
506, 271
557, 57
298, 676
559, 437
133, 712
989, 737
771, 647
8, 368
864, 943
354, 95
652, 178
965, 354
522, 2
478, 596
266, 279
435, 726
883, 815
439, 455
44, 6
214, 796
72, 605
586, 79
254, 540
153, 928
156, 457
91, 825
923, 29
935, 518
759, 77
619, 896
585, 95
729, 832
118, 818
500, 311
503, 601
556, 929
96, 132
66, 341
990, 675
718, 20
873, 493
179, 521
543, 26
87, 586
706, 921
234, 165
940, 67
325, 230
631, 498
282, 140
175, 129
818, 795
2, 342
473, 350
228, 367
737, 863
173, 612
537, 359
560, 414
563, 386
432, 395
71, 494
652, 957
827, 931
955, 892
454, 807
1, 200
130, 607
702, 481
950, 202
560, 817
759, 110
68, 929
622, 878
529, 44
710, 730
916, 798
840, 458
272, 441
414, 977
302, 994
882, 731
4, 262
607, 518
234, 909
326, 319
729, 468
636, 87
382, 813
204, 715
796, 411
329, 140
296, 538
689, 826
343, 483
474, 686
840, 772
349, 806
97, 119
12, 386
946, 659
625, 419
902, 900
485, 691
4, 597
288, 869
988, 710
493, 600
821, 392
101, 64
605, 626
42, 364
31, 164
607, 580
715, 991
703, 369
938, 409
979, 336
67, 73
298, 639
538, 35
673, 749
471, 627
671, 234
312, 574
380, 449
211, 708
158, 17
121, 979
593, 609
962, 16
572, 379
24, 638
626, 653
73, 9
859, 305
360, 445
726, 133
761, 306
594, 267
343, 186
235, 285
243, 117
896, 257
173, 728
999, 401
732, 425
729, 683
793, 2
0, 629
562, 86
160, 231
519, 54
917, 875
468, 528
910, 576
907, 389
921, 233
458, 278
378, 838
771, 571
701, 432
259, 790
147, 935
307, 118
638, 747
185, 477
338, 991
134, 116
233, 523
259, 207
110, 381
86, 218
74, 315
844, 403
785, 618
228, 380
989, 321
281, 914
236, 759
381, 632
419, 443
121, 435
747, 698
73, 808
706, 661
70, 228
930, 619
301, 227
47, 368
103, 28
640, 873
414, 748
851, 143
915, 444
906, 256
859, 414
377, 896
545, 581
795, 232
749, 719
436, 903
559, 538
317, 122
753, 205
668, 124
684, 635
960, 646
443, 853
931, 988
230, 179
419, 812
143, 951
505, 4
658, 663
52, 508
628, 379
532, 573
754, 283
926, 438
218, 245
536, 636
816, 921
730, 810
493, 475
728, 685
679, 330
343, 94
866, 155
530, 384
902, 372
322, 609
982, 616
527, 21
421, 84
590, 943
739, 695
466, 533
336, 112
66, 716
648, 568
990, 610
686, 687
51, 455
751, 231
37, 931
684, 470
844, 85
58, 906
118, 329
167, 891
673, 753
867, 981
806, 955
643, 236
267, 508
704, 213
376, 285
252, 192
392, 316
816, 620
240, 261
798, 992
321, 764
542, 315
817, 816
63, 932
127, 7
306, 974
278, 1
87, 558
632, 185
614, 354
888, 589
923, 783
446, 462
699, 485
266, 479
16, 342
751, 878
991, 552
407, 598
261, 738
803, 631